# 1-d slice in y-direction, file: /shared/solver_ab/run_jetfix/plot/plt02000
# time = 0.00039322163310246002
#                       y                  Density
   3.9062500000000001e-05       2.0339575914183228
             0.0001171875       2.0327999056239512
   0.00019531250000000001       2.0308030060473783
   0.00027343750000000003        2.027919677184157
   0.00035156249999999999       2.0241430259485917
             0.0004296875        2.019481037918506
   0.00050781250000000002       2.0139454531311531
   0.00058593749999999998       2.0075491972083097
   0.00066406250000000005        2.000307187508334
   0.00074218750000000001       1.9922375204694955
   0.00082031249999999997       1.9833619331144194
   0.00089843750000000004       1.9737054671539158
             0.0009765625       1.9632956575464253
    0.0010546875000000001        1.952161599532986
    0.0011328124999999999       1.9403331212293333
             0.0012109375       1.9278401485672032
    0.0012890625000000001       1.9147122656631153
    0.0013671875000000001       1.9009784447191915
             0.0014453125       1.8866669165884953
    0.0015234375000000001        1.871805155585089
    0.0016015625000000001        1.856419953271822
             0.0016796875       1.8405375557417845
             0.0017578125       1.8241838385257236
    0.0018359375000000001       1.8073844937065331
             0.0019140625        1.790165205765891
             0.0019921875       1.7725517963901702
    0.0020703125000000001         1.75457032374592
    0.0021484375000000002        1.736247128053755
    0.0022265625000000002       1.7176088218740719
    0.0023046874999999999       1.6986822295449402
    0.0023828124999999999       1.6794942849732508
             0.0024609375       1.6600719000142072
    0.0025390625000000001        1.640441816826423
    0.0026171875000000002       1.6206304570037391
    0.0026953125000000002       1.6006637783432278
    0.0027734374999999999       1.5805671473215259
    0.0028515624999999999       1.5603652322408028
             0.0029296875       1.5400819190304851
    0.0030078125000000001       1.5197402491951171
    0.0030859375000000001        1.499362377583477
    0.0031640625000000002       1.4789695465787287
    0.0032421875000000003       1.4585820729188872
    0.0033203124999999999        1.438219343517916
             0.0033984375       1.4178998171984547
    0.0034765625000000001       1.3976410299903348
    0.0035546875000000001       1.3774596024373458
    0.0036328125000000002       1.3573712480697455
    0.0037109375000000003       1.3373907827647427
    0.0037890624999999999       1.3175321351018581
             0.0038671875       1.2978083580294026
             0.0039453125       1.2782316422161186
    0.0040234375000000001       1.2588133314093037
    0.0041015625000000002       1.2395639400026748
    0.0041796875000000002        1.220493172873091
    0.0042578125000000003       1.2016099474057491
    0.0043359375000000004       1.1829224175120205
    0.0044140625000000005       1.1644379993626999
    0.0044921875000000005       1.1461633985131072
    0.0045703124999999997       1.1281046380844344
    0.0046484374999999998       1.1102670876825604
    0.0047265624999999999       1.0926554927580427
    0.0048046874999999999       1.0752740041442499
             0.0048828125       1.0581262075645856
    0.0049609375000000001       1.0412151529470763
    0.0050390625000000001       1.0245433834115285
    0.0051171875000000002       1.0081129638134578
    0.0051953125000000003      0.99192550874762975
    0.0052734375000000003      0.97598220990554485
    0.0053515625000000004      0.96028386269940336
    0.0054296875000000005      0.94483089213115989
    0.0055078124999999997      0.92962337790858074
    0.0055859374999999998      0.91466107895987658
    0.0056640624999999998      0.89994345738443249
    0.0057421874999999999      0.88546970206704856
             0.0058203125      0.87123875148644592
             0.0058984375      0.85724931590386189
    0.0059765625000000001      0.84349989704645212
    0.0060546875000000002      0.82998880656190133
    0.0061328125000000002      0.81671417974332106
    0.0062109375000000003      0.80367399349849178
    0.0062890625000000004      0.79086607216904681
    0.0063671875000000005      0.77828811407685727
    0.0064453125000000005      0.76593772394454007
    0.0065234374999999997      0.75381248746765694
    0.0066015624999999998      0.74190968520280398
    0.0066796874999999999      0.73022658513684657
    0.0067578124999999999      0.71876094589683726
             0.0068359375      0.70751050615919941
    0.0069140625000000001      0.69647264491882299
    0.0069921875000000001      0.68564453231635358
    0.0070703125000000002      0.67502338575460785
    0.0071484375000000003      0.66460656373461469
    0.0072265625000000003      0.65439137933986524
    0.0073046875000000004      0.64437479374629381
    0.0073828125000000005      0.63455324098041122
    0.0074609375000000006      0.62492263119875502
    0.0075390624999999998      0.61547891372642982
    0.0076171874999999998      0.60621878593701839
    0.0076953124999999999      0.59714018895149101
             0.0077734375      0.58824206972863413
    0.0078515625000000009      0.57952455565374239
     0.007929687500000001      0.57098845081449967
    0.0080078124999999993      0.56263583222312386
    0.0080859374999999994      0.55446844691108388
    0.0081640624999999994       0.5464887037704137
    0.0082421874999999995      0.53869551522472192
    0.0083203124999999996      0.53108935854202999
    0.0083984374999999997      0.52366638844541247
    0.0084765624999999997       0.5164387860327585
    0.0085546874999999998      0.50941832838242462
    0.0086328124999999999      0.50269336661029818
    0.0087109374999999999      0.49634407428634131
             0.0087890625      0.49064189462148111
    0.0088671875000000001      0.48571050412079286
    0.0089453125000000001      0.48167518960235567
    0.0090234375000000002      0.47472574251300892
    0.0091015625000000003      0.46594273141143777
    0.0091796875000000003      0.45406959999339708
    0.0092578125000000004      0.42901566440877587
    0.0093359375000000005      0.44506423183161059
    0.0094140625000000006      0.60392103694745292
    0.0094921875000000006       1.0059123122738196
    0.0095703125000000007       1.4760480915581957
    0.0096484375000000008       1.7449264193980758
    0.0097265625000000008       1.7714937780192417
    0.0098046875000000009       1.7012113692954827
     0.009882812500000001       1.6406466008350242
     0.009960937500000001        1.602304686723216
     0.010039062499999999       1.5774215213450884
     0.010117187499999999       1.5769060130761015
             0.0101953125       1.5859496352625084
             0.0102734375       1.5995772110389117
             0.0103515625       1.6105744600568226
             0.0104296875        1.615340278885053
             0.0105078125        1.614262341663308
             0.0105859375       1.6123644819231977
             0.0106640625       1.6104016855758203
             0.0107421875       1.6099305787373412
             0.0108203125       1.6122164879222372
             0.0108984375       1.6199920084980977
             0.0109765625       1.6365522693522592
             0.0110546875       1.6610527127736268
             0.0111328125       1.6848350883734056
             0.0112109375       1.6972675663425396
             0.0112890625       1.6989839439346834
     0.011367187500000001       1.7007007051471859
     0.011445312500000001       1.7123629499004793
     0.011523437500000001       1.7408606107686475
     0.011601562500000001       1.7793521902743554
     0.011679687500000001        1.816694915033213
     0.011757812500000001       1.8695833870511218
     0.011835937500000001       1.9762037500148082
     0.011914062500000001       2.1060827541928573
     0.011992187500000001       2.1686931087218966
     0.012070312499999999       2.1360472340316075
             0.0121484375       2.0569638998246487
             0.0122265625        1.974389270361697
             0.0123046875       1.9241183605271652
             0.0123828125       1.9148238233225372
             0.0124609375       1.9308661078453777
             0.0125390625       1.9534259704663237
             0.0126171875       1.9671688858365446
             0.0126953125       1.9645424515875327
             0.0127734375       1.9459926337694737
             0.0128515625       1.9205439806332341
             0.0129296875       1.8961743784820986
             0.0130078125       1.8761885026573437
             0.0130859375        1.860579505174115
             0.0131640625       1.8479791454029386
             0.0132421875       1.8369570496592125
     0.013320312500000001       1.8263178746383377
     0.013398437500000001       1.8150966413521668
     0.013476562500000001       1.8030111562127777
     0.013554687500000001       1.7908715272536542
     0.013632812500000001       1.7826904341606833
     0.013710937500000001       1.7783130709993618
     0.013789062500000001       1.7783876335617088
     0.013867187500000001       1.7823043014856614
     0.013945312500000001       1.7895496780455782
     0.014023437499999999       1.7973182695328158
             0.0141015625       1.8079069177023228
             0.0141796875       1.8186042177039394
             0.0142578125       1.8233423828716286
             0.0143359375        1.819221807955443
             0.0144140625       1.8067958441540852
             0.0144921875       1.7875303812841044
             0.0145703125       1.7649585417406763
             0.0146484375       1.7472123778753532
             0.0147265625       1.7428684254393427
             0.0148046875       1.7759915143400959
             0.0148828125       1.8370602231164126
             0.0149609375       1.8898652136893923
             0.0150390625       1.8953919353089805
             0.0151171875       1.8583366840844375
             0.0151953125       1.7998626330271854
     0.015273437500000001       1.7378203729612862
     0.015351562500000001       1.6773279095558393
     0.015429687500000001       1.6271531926632103
     0.015507812500000001       1.5901537395488901
     0.015585937500000001       1.5628554248358946
     0.015664062499999999       1.5414619416857174
     0.015742187500000001        1.523772247934023
     0.015820312499999999       1.5085661925606801
     0.015898437500000001       1.4948507963708753
     0.015976562499999999       1.4816943497019981
     0.016054687500000001       1.4690531249382777
             0.0161328125       1.4570631348382879
     0.016210937500000001       1.4468862292097415
             0.0162890625       1.4400894190669407
     0.016367187500000002       1.4378827850980205
             0.0164453125       1.4405391801006762
     0.016523437500000002       1.4470316113673849
             0.0166015625       1.4536516081987745
     0.016679687500000002       1.4546563625365485
             0.0167578125       1.4472999219658158
     0.016835937500000002       1.4326915415763661
             0.0169140625       1.4127156840471271
     0.016992187500000002       1.3911949845207943
             0.0170703125       1.3699801401347744
     0.017148437499999999       1.3485056873114702
     0.017226562500000001       1.3290547022041237
     0.017304687499999999       1.3121637774762704
     0.017382812500000001       1.2906404032752516
     0.017460937499999999       1.2650615678063504
     0.017539062500000001       1.2381175586972679
     0.017617187499999999       1.2130859324014207
     0.017695312500000001         1.19092459326461
     0.017773437499999999       1.1704102188008434
     0.017851562500000001       1.1511477958328742
     0.017929687499999999       1.1328502291967251
     0.018007812500000001       1.1153002790759083
             0.0180859375       1.0983952478304082
     0.018164062500000001       1.0821266099547184
             0.0182421875       1.0664836456693618
     0.018320312500000002       1.0514457787972837
             0.0183984375       1.0370222039422308
     0.018476562500000002       1.0232469724308317
             0.0185546875       1.0101126968310827
     0.018632812500000002      0.99761562941339832
             0.0187109375      0.98572267769616373
     0.018789062500000002      0.97441696107477627
             0.0188671875      0.96369930484141331
     0.018945312500000002      0.95366510948320504
             0.0190234375      0.94439501711221663
     0.019101562499999999      0.93596486220152952
     0.019179687500000001      0.92852088487741857
     0.019257812499999999      0.92246161682102079
     0.019335937500000001      0.91839780148906225
     0.019414062499999999      0.91500675776042029
     0.019492187500000001      0.91209959204179991
     0.019570312499999999      0.90924285283537121
     0.019648437500000001      0.90614347525212757
     0.019726562499999999      0.90273954701795145
     0.019804687500000001      0.90017990277819249
     0.019882812499999999      0.89731306173985126
     0.019960937500000001      0.89456971460648405
             0.0200390625      0.89143315320506944
     0.020117187500000001      0.88775588516720028
             0.0201953125      0.88358314926890213
     0.020273437500000002      0.87844898704206609
             0.0203515625      0.87198101871094502
     0.020429687500000002      0.86397225336361283
             0.0205078125      0.85430736416422703
     0.020585937500000002      0.84309008705231459
             0.0206640625      0.83068419739652932
     0.020742187500000002      0.81648422630633521
             0.0208203125      0.80088896896285378
     0.020898437500000002       0.7862851734221763
             0.0209765625        0.773561132420719
     0.021054687499999999      0.76187619230787318
     0.021132812500000001      0.75000599186374495
     0.021210937499999999      0.73806484415607643
     0.021289062500000001      0.72831716978618155
     0.021367187499999999      0.72750410239139107
     0.021445312500000001      0.72547421929685485
     0.021523437499999999       0.6909442983579146
     0.021601562500000001       0.6717523431702187
     0.021679687499999999       0.9223569210969409
     0.021757812500000001       1.5888642199788732
     0.021835937499999999       2.0403354404767313
     0.021914062500000001       2.0780407501512292
             0.0219921875       1.9660494619884381
     0.022070312500000001       1.8690591621938479
             0.0221484375       1.8141499107749974
     0.022226562500000002       1.7741999465454128
             0.0223046875        1.735109426108604
     0.022382812500000002       1.6916873678344251
             0.0224609375       1.6563195969863365
     0.022539062500000002       1.6313364178671925
             0.0226171875        1.613219811077198
     0.022695312500000002       1.5992429678429794
             0.0227734375       1.5868093982190143
     0.022851562500000002       1.5753322921894464
             0.0229296875       1.5644884168810842
     0.023007812499999999       1.5542995136568118
     0.023085937500000001       1.5439584647271338
     0.023164062499999999       1.5290062153308497
     0.023242187500000001       1.5129532341836724
     0.023320312499999999       1.5439956040674252
     0.023398437500000001       1.7291464239383982
     0.023476562499999999       1.9504151739373086
     0.023554687500000001       2.0224040271896548
     0.023632812499999999       2.0265614875432902
     0.023710937500000001       2.0218268418939846
     0.023789062499999999       2.0155093830599329
     0.023867187500000001       2.0106879758627412
             0.0239453125        2.007583430879389
     0.024023437500000001       2.0044512195411182
             0.0241015625       2.0008799371213417
     0.024179687500000002       1.9952748547123305
             0.0242578125       1.9864465944090408
     0.024335937500000002       1.9754611010766843
             0.0244140625       1.9634194324793961
     0.024492187500000002       1.9521729167900357
             0.0245703125       1.9423150558977225
     0.024648437500000002        1.934130466056186
             0.0247265625       1.9283376055759573
     0.024804687500000002       1.9237830371146005
             0.0248828125        1.919067114023034
     0.024960937500000002       1.9135012037707049
     0.025039062500000001       1.9077659472444988
     0.025117187499999999       1.9073062746246963
     0.025195312500000001       1.9184996710715183
     0.025273437499999999       1.9351232100733553
     0.025351562500000001       1.9417946739536476
     0.025429687499999999       1.9332303835700468
     0.025507812500000001         1.91883441526678
     0.025585937499999999       1.9088489221280747
     0.025664062500000001       1.9018206252134389
     0.025742187499999999       1.8814787147938243
     0.025820312500000001       1.8386538198672582
             0.0258984375        1.786499812119801
     0.025976562500000001       1.7486816068731033
             0.0260546875       1.7473293484304075
     0.026132812500000002       1.7725724991191747
             0.0262109375       1.8016974496210245
     0.026289062500000002       1.8198125518183126
             0.0263671875       1.8213576144929198
     0.026445312500000002       1.8102977304142009
             0.0265234375       1.7941058218381614
     0.026601562500000002       1.7790771866076056
             0.0266796875       1.7689249740159618
     0.026757812500000002       1.7645592700676294
             0.0268359375       1.7632230274302667
     0.026914062500000002       1.7590540159893209
     0.026992187500000001       1.7481118761460819
     0.027070312499999999       1.7338086530222794
     0.027148437500000001       1.7232761602005402
     0.027226562499999999       1.7202144593112221
     0.027304687500000001       1.7204537232223802
     0.027382812499999999       1.7149625198429719
     0.027460937500000001       1.6951513678324077
     0.027539062499999999       1.6547738477720118
     0.027617187500000001       1.5944768135290952
     0.027695312499999999       1.5317763473750363
     0.027773437500000001       1.4918129228749406
             0.0278515625       1.4887444575410813
     0.027929687500000001       1.5109658890049473
             0.0280078125       1.5344142093611144
     0.028085937500000002       1.5466457014851775
             0.0281640625       1.5485301847645272
     0.028242187500000002       1.5488571717649877
             0.0283203125       1.5510589608590188
     0.028398437500000002       1.5544083886057856
             0.0284765625       1.5577901042222191
     0.028554687500000002       1.5590953643672629
             0.0286328125       1.5582535087980949
     0.028710937500000002       1.5554598178824199
             0.0287890625       1.5514893307923128
     0.028867187500000002       1.5448606453646225
     0.028945312500000001        1.537238595389516
     0.029023437499999999       1.5281396499579163
     0.029101562500000001        1.519009218257974
     0.029179687499999999       1.5087524017098131
     0.029257812500000001       1.4983656275103028
     0.029335937499999999       1.4873678509781751
     0.029414062500000001       1.4762603865986639
     0.029492187499999999       1.4668480416955356
     0.029570312500000001         1.45799470116372
     0.029648437499999999       1.4500344846802846
     0.029726562500000001       1.4441400273594294
             0.0298046875       1.4384540444302341
     0.029882812500000001       1.4324889612812861
             0.0299609375        1.427886961292703
     0.030039062500000002       1.4232530599089726
             0.0301171875       1.4188361241044685
     0.030195312500000002       1.4147051277420581
             0.0302734375       1.4109503519869968
     0.030351562500000002       1.4070961880953663
             0.0304296875       1.4042893815856041
     0.030507812500000002       1.4014970933096305
             0.0305859375       1.3989256423410947
     0.030664062500000002       1.3979743768022728
             0.0307421875       1.3970410647653637
     0.030820312500000002       1.3971036157371552
     0.030898437500000001       1.3971745974256391
     0.030976562500000002       1.3977329496880466
     0.031054687500000001       1.3983643174468519
     0.031132812499999999       1.3996935888507291
     0.031210937500000001       1.4002479982387654
     0.031289062499999999       1.4021742116478155
     0.031367187499999998       1.4032741242971958
     0.031445312500000003        1.405125898872448
     0.031523437500000001       1.4065393082638464
     0.031601562499999999       1.4076487919528162
     0.031679687499999998       1.4088513327992709
     0.031757812500000003       1.4103669685286626
     0.031835937500000001        1.411937249683946
             0.0319140625       1.4123554928195092
     0.031992187499999998       1.4132506793571296
     0.032070312500000003       1.4132189859120772
     0.032148437500000002        1.412364479366877
             0.0322265625       1.4101371674938115
     0.032304687499999998       1.4067299020722157
     0.032382812500000004       1.4020846786991463
     0.032460937500000002       1.3961632624277578
             0.0325390625       1.3893074358014879
     0.032617187499999999        1.381661148100199
     0.032695312500000004       1.3733812363091862
     0.032773437500000002       1.3646768416950956
     0.032851562500000001        1.355725595629802
     0.032929687499999999       1.3466536497065866
     0.033007812499999997       1.3375265643623577
     0.033085937500000002       1.3283490294623521
     0.033164062500000001       1.3190769539533862
     0.033242187499999999       1.3096398116001227
     0.033320312499999998       1.2999687594457903
     0.033398437500000003       1.2900212181842339
     0.033476562500000001       1.2797925016954019
     0.033554687499999999       1.2693119543008808
     0.033632812499999998       1.2586280546294935
     0.033710937500000003        1.247789525751243
     0.033789062500000001       1.2368294332603347
             0.0338671875       1.2257582342462432
     0.033945312499999998       1.2145693252909322
     0.034023437500000003       1.2032562583477522
     0.034101562500000002       1.1918343830581626
             0.0341796875       1.1803620909904329
     0.034257812499999998       1.1689536784891352
     0.034335937500000004       1.1577780781919456
     0.034414062500000002       1.1470412564195895
             0.0344921875       1.1369438247487675
     0.034570312499999999       1.1276129596154032
     0.034648437500000004        1.119026677086044
     0.034726562500000002       1.1109699522526548
     0.034804687500000001       1.1030620037359888
     0.034882812499999999       1.0948597902687096
     0.034960937500000004       1.0859931411734294
     0.035039062500000002       1.0762650466749528
     0.035117187500000001       1.0656774787657226
     0.035195312499999999       1.0543898289501308
     0.035273437499999998       1.0426440814367308
     0.035351562500000003       1.0306915981402036
     0.035429687500000001       1.0187442631014618
     0.035507812499999999       1.0069550006931181
     0.035585937499999998      0.99541883117254371
     0.035664062500000003      0.98418754087234039
     0.035742187500000001      0.97322824865203028
             0.0358203125      0.96264928372668723
     0.035898437499999998      0.95240437494476593
     0.035976562500000003      0.94245086981146164
     0.036054687500000002      0.93280775290098339
             0.0361328125      0.92327008602831651
     0.036210937499999998      0.91380093556219888
     0.036289062500000004      0.90429740975248596
     0.036367187500000002      0.89468052399592213
             0.0364453125      0.88496512017064743
     0.036523437499999999       0.8752963374774162
     0.036601562500000004      0.86600632845003711
     0.036679687500000002      0.85646615755810174
     0.036757812500000001        0.848670166724391
     0.036835937499999999      0.84362952090035037
     0.036914062500000004       0.8397183565744295
     0.036992187500000002      0.83617605199486011
     0.037070312500000001      0.83740149278942511
     0.037148437499999999      0.87389272891248859
     0.037226562499999998       1.0478019366160927
     0.037304687500000003       1.2615829140431578
     0.037382812500000001        1.337477568283864
     0.037460937499999999       1.3426439483866237
     0.037539062499999998       1.3563649630640584
     0.037617187500000003       1.4013697112954879
     0.037695312500000001       1.4516212661498795
             0.0377734375        1.470411562027605
     0.037851562499999998       1.4590733433090226
     0.037929687500000003        1.438925961810146
     0.038007812500000002       1.4217717020203857
             0.0380859375       1.4102995860171588
     0.038164062499999998       1.4025002834664542
     0.038242187500000004        1.394992252745354
     0.038320312500000002       1.3860476612317443
             0.0383984375       1.3756861180804711
     0.038476562499999999         1.36689735842302
     0.038554687500000004       1.3610813146498733
     0.038632812500000002       1.3590797449986121
     0.038710937500000001       1.3612323234667347
     0.038789062499999999       1.3672597852774215
     0.038867187500000004       1.3754553909679286
     0.038945312500000002       1.3834855968223163
     0.039023437500000001       1.3894331307603203
     0.039101562499999999       1.3936898533388029
     0.039179687499999998       1.3970500649392332
     0.039257812500000003        1.400702971285241
     0.039335937500000001       1.3976917522519809
     0.039414062499999999       1.3653629295225094
     0.039492187499999998       1.3083202611116691
     0.039570312500000003       1.2621636500438582
     0.039648437500000001       1.2576239098432074
             0.0397265625       1.2912160014892498
     0.039804687499999998       1.3364031126905151
     0.039882812500000003       1.3713849229607291
     0.039960937500000002       1.3891110557282249
             0.0400390625       1.3973925546349473
     0.040117187499999998        1.404697250288647
     0.040195312500000004       1.4132871822713207
     0.040273437500000002        1.423732686507575
             0.0403515625       1.4376179414949861
     0.040429687499999999         1.46018412880931
     0.040507812500000004       1.4872678523692446
     0.040585937500000002        1.509233166418209
     0.040664062500000001       1.5106081341965087
     0.040742187499999999       1.4697164335524897
     0.040820312500000004       1.3744132099287356
     0.040898437500000002       1.2667079436588267
     0.040976562500000001       1.1782663805437812
     0.041054687499999999       1.1257023812258906
     0.041132812499999998       1.0995133240429791
     0.041210937500000003       1.0854246707027291
     0.041289062500000001       1.0790056870985416
     0.041367187499999999       1.0817110050818164
     0.041445312499999998       1.0929456394274988
     0.041523437500000003       1.1087155217234559
     0.041601562500000001        1.123085062508149
             0.0416796875       1.1309167201413797
     0.041757812499999998       1.1307116105270323
     0.041835937500000003       1.1252720065289263
     0.041914062500000002       1.1195169770362403
             0.0419921875       1.1182509144042385
     0.042070312499999998       1.1232482985506438
     0.042148437500000004       1.1348302575947824
     0.042226562500000002        1.151967897337226
             0.0423046875       1.1734133786018723
     0.042382812499999999       1.1961493505154817
     0.042460937500000004       1.2148263644900972
     0.042539062500000002       1.2166300439894062
     0.042617187500000001        1.186132265964843
     0.042695312499999999       1.1306644955324157
     0.042773437500000004       1.0698579101743508
     0.042851562500000002       1.0239647969757728
     0.042929687500000001       1.0072711466960034
     0.043007812499999999       1.0203113602325016
     0.043085937499999998       1.0555649176850612
     0.043164062500000003       1.1013409476491061
     0.043242187500000001       1.1520495967372877
     0.043320312499999999       1.1949830260877881
     0.043398437499999998       1.2262155284342435
     0.043476562500000003       1.2439238026938282
     0.043554687500000001       1.2497020884680978
             0.0436328125       1.2481727051422629
     0.043710937499999998       1.2422945502897782
     0.043789062500000003       1.2336559291486497
     0.043867187500000002       1.2235055497008751
             0.0439453125       1.2128799397395478
     0.044023437499999998       1.2023668008609218
     0.044101562500000004       1.1923808157912554
     0.044179687500000002       1.1831822294970626
             0.0442578125       1.1744486543651989
     0.044335937499999999       1.1664400430327715
     0.044414062500000004       1.1596743723718617
     0.044492187500000002       1.1536824225132571
     0.044570312500000001       1.1480713241127039
     0.044648437499999999       1.1430235792776466
     0.044726562500000004       1.1388176654995468
     0.044804687500000002       1.1352256549337176
     0.044882812500000001       1.1316599209611504
     0.044960937499999999       1.1275108061044317
     0.045039062499999998       1.1223774703008602
     0.045117187500000003       1.1161957549217396
     0.045195312500000001       1.1091867009278022
     0.045273437499999999       1.1016755098807054
     0.045351562499999998       1.0939460367827432
     0.045429687500000003       1.0861873742007595
     0.045507812500000001       1.0784638829281235
             0.0455859375       1.0706934782157753
     0.045664062499999998       1.0626204484368007
     0.045742187500000003       1.0539377713911531
     0.045820312500000002       1.0443954060379415
             0.0458984375       1.0338419100682703
     0.045976562499999998       1.0223881216501094
     0.046054687500000004       1.0106796956982727
     0.046132812500000002      0.99952725936816444
             0.0462109375      0.98818947666552714
     0.046289062499999999      0.97721749666724234
     0.046367187500000004      0.97088240651857205
     0.046445312500000002       1.0168085707862398
     0.046523437500000001       1.2958381492088782
     0.046601562499999999       1.6015405829635623
     0.046679687500000004       1.6813926878984282
     0.046757812500000002       1.6891874698219225
     0.046835937500000001        1.688045753276247
     0.046914062499999999       1.6795631634548744
     0.046992187500000004       1.6634266441736396
     0.047070312500000003       1.6401544183734982
     0.047148437500000001       1.6144921877951697
     0.047226562499999999       1.5911504633809286
     0.047304687499999998       1.5722671830325992
     0.047382812500000003       1.5568489198951563
     0.047460937500000001       1.5413390388215518
             0.0475390625       1.5227424791126858
     0.047617187499999998       1.4980167555966981
     0.047695312500000003       1.4709684957513918
     0.047773437500000002         1.44802479745306
             0.0478515625       1.4319368088866078
     0.047929687499999998        1.423524472569039
     0.048007812500000004       1.4227462341075519
     0.048085937500000002       1.4289220038190209
             0.0481640625       1.4402020428234286
     0.048242187499999999       1.4538827721947001
     0.048320312500000004       1.4669955724086263
     0.048398437500000002       1.4772054335380014
     0.048476562500000001       1.4830582429304677
     0.048554687499999999       1.4847012992566537
     0.048632812500000004       1.4827027204010756
     0.048710937500000002       1.4767069408920988
     0.048789062500000001       1.4643387556622927
     0.048867187499999999       1.4440344437965595
     0.048945312500000004       1.4201162379236509
     0.049023437500000003       1.3963072243279782
     0.049101562500000001       1.3715223817573789
     0.049179687499999999       1.3345059624282349
     0.049257812499999998        1.280240437729848
     0.049335937500000003       1.2281990394189215
     0.049414062500000001       1.2106850358100718
             0.0494921875       1.2418922152012113
     0.049570312499999998       1.2994182068505822
     0.049648437500000003       1.3518502646467765
     0.049726562500000002       1.3785630333509593
             0.0498046875       1.3818686363626527
     0.049882812499999998        1.374262544909916
     0.049960937500000004       1.3623146016329499
     0.050039062500000002       1.3521578322183345
             0.0501171875       1.3478324062998814
     0.050195312499999999       1.3491672679516333
     0.050273437500000004       1.3537217019124161
     0.050351562500000002       1.3602797794822341
     0.050429687500000001       1.3713600408775721
     0.050507812499999999       1.3916955335436145
     0.050585937500000004       1.4177801871264044
     0.050664062500000002       1.4429451914336346
     0.050742187500000001       1.4579668810959245
     0.050820312499999999       1.4616499492367971
     0.050898437500000004       1.4611796082205277
     0.050976562500000003         1.46060181332926
     0.051054687500000001       1.4617025328928896
     0.051132812499999999       1.4665277616665198
     0.051210937499999998       1.4785888428475835
     0.051289062500000003       1.4997374027105588
     0.051367187500000001       1.5266934661327767
             0.0514453125       1.5519244480295995
     0.051523437499999998       1.5679784280660907
     0.051601562500000003       1.5717533801826351
     0.051679687500000002       1.5654934016405813
             0.0517578125       1.5543382979587876
     0.051835937499999998        1.542385126080364
     0.051914062500000004       1.5336996380612657
     0.051992187500000002       1.5308322008477024
             0.0520703125       1.5341104891790092
     0.052148437499999999       1.5430774941890586
     0.052226562500000004       1.5564582167650867
     0.052304687500000002       1.5707782108430253
     0.052382812500000001       1.5832399961077432
     0.052460937499999999       1.5921702164668377
     0.052539062500000004       1.5965785241129891
     0.052617187500000002       1.5957891326934359
     0.052695312500000001       1.5903344059876716
     0.052773437499999999       1.5822585518220462
     0.052851562500000004       1.5732487148186194
     0.052929687500000003       1.5640324452099759
     0.053007812500000001       1.5553579025298128
     0.053085937499999999       1.5485854689533913
     0.053164062499999998       1.5448399955319585
     0.053242187500000003       1.5440587027753867
     0.053320312500000001       1.5451797148475388
             0.0533984375        1.546847376630837
     0.053476562499999998       1.5480118081497685
     0.053554687500000003       1.5484617028111438
     0.053632812500000002       1.5485822541192094
             0.0537109375       1.5485417080040789
     0.053789062499999998       1.5480055711790013
     0.053867187500000004       1.5464147524599876
     0.053945312500000002       1.5435718882367773
             0.0540234375       1.5402401716192355
     0.054101562499999999       1.5381045258804791
     0.054179687500000004       1.5381725917498936
     0.054257812500000002       1.5398666332010935
     0.054335937500000001       1.5423670485470302
     0.054414062499999999       1.5455676827047271
     0.054492187500000004       1.5498544426378897
     0.054570312500000002       1.5551544716366272
     0.054648437500000001       1.5610811524276875
     0.054726562499999999       1.5676165328177247
     0.054804687500000004       1.5751255472883454
     0.054882812500000003        1.583543513053014
     0.054960937500000001       1.5922633581200725
     0.055039062499999999       1.6008986649526249
     0.055117187499999998       1.6088649757496192
     0.055195312500000003       1.6147981214892897
     0.055273437500000001       1.6175311625541127
             0.0553515625       1.6172938468505904
     0.055429687499999998       1.6152718149528751
     0.055507812500000003       1.6125734893468009
     0.055585937500000002       1.6098729453088294
             0.0556640625       1.6075253418192919
     0.055742187499999998       1.6056579854343132
     0.055820312500000004       1.6042670223114108
     0.055898437500000002       1.6035269157770402
             0.0559765625       1.6038741128313743
     0.056054687499999999       1.6058457962983963
     0.056132812500000004       1.6089369051150777
     0.056210937500000002       1.6116193113096196
     0.056289062500000001        1.612795821753398
     0.056367187499999999       1.6129838679837392
     0.056445312500000004       1.6137257607346831
     0.056523437500000002       1.6160110745578868
     0.056601562500000001       1.6193746045939006
     0.056679687499999999       1.6225042149720632
     0.056757812500000004       1.6243505200870165
     0.056835937500000003       1.6246816087351752
     0.056914062500000001       1.6239378456694651
     0.056992187499999999       1.6228951031088752
     0.057070312499999998       1.6223624542741519
     0.057148437500000003       1.6228768718176825
     0.057226562500000001        1.624441040867812
             0.0573046875       1.6263171883719791
     0.057382812499999998       1.6273580264671159
     0.057460937500000003       1.6264467679290806
     0.057539062500000002       1.6227544020437963
             0.0576171875       1.6164845345098076
     0.057695312499999998       1.6089432778447514
     0.057773437500000004       1.6020109275056524
     0.057851562500000002       1.5980659516181928
             0.0579296875       1.5978821681722681
     0.058007812499999999       1.6007238650626081
     0.058085937500000004       1.6070265558138863
     0.058164062500000002       1.6157783595408262
     0.058242187500000001       1.6260644325947284
     0.058320312499999999       1.6381578115174855
     0.058398437500000004       1.6513436238838752
     0.058476562500000002       1.6644383749737408
     0.058554687500000001       1.6756977805363442
     0.058632812499999999       1.6834266918452121
     0.058710937500000004       1.6863505030860806
     0.058789062500000003       1.6844214931307717
     0.058867187500000001       1.6790092994353796
     0.058945312499999999       1.6720046431151645
     0.059023437499999998       1.6652673379561052
     0.059101562500000003       1.6599966915774702
     0.059179687500000001       1.6566547396739595
             0.0592578125       1.6552357668468114
     0.059335937499999998        1.655463526265883
     0.059414062500000003       1.6568419976468887
     0.059492187500000002       1.6588068087110526
             0.0595703125       1.6607818752409151
     0.059648437499999998       1.6622974798794365
     0.059726562500000004       1.6632596582176888
     0.059804687500000002       1.6640013261124069
             0.0598828125       1.6649595225425151
     0.059960937499999999       1.6663309618992761
     0.060039062500000004       1.6677829311335826
     0.060117187500000002       1.6685553830855897
     0.060195312500000001       1.6679042449277324
     0.060273437499999999       1.6654767389329177
     0.060351562500000004       1.6612771746907518
     0.060429687500000002        1.655703690679059
     0.060507812500000001       1.6500935013429483
     0.060585937499999999       1.6456727506107141
     0.060664062500000004       1.6436954127108103
     0.060742187500000003       1.6445187542415145
     0.060820312500000001       1.6480245777794045
     0.060898437499999999       1.6523753788271593
     0.060976562500000005       1.6555371447800991
     0.061054687500000003       1.6551241578937894
     0.061132812500000001       1.6497091424755232
             0.0612109375       1.6402861584794177
     0.061289062499999998       1.6297863604252492
     0.061367187500000003       1.6219469400904718
     0.061445312500000002       1.6191313152412177
             0.0615234375       1.6201836570040649
     0.061601562499999998       1.6226304360486008
     0.061679687500000004       1.6216215377283232
     0.061757812500000002       1.6145783207803508
             0.0618359375       1.5980543973954697
     0.061914062499999999       1.5757705289856401
     0.061992187500000004       1.5525669891592369
     0.062070312500000002       1.5344592162708897
     0.062148437500000001       1.5215152693668066
     0.062226562499999999       1.5153386775605227
     0.062304687500000004       1.5122541372159661
     0.062382812500000002       1.5111773578333543
     0.062460937500000001       1.5130382576260748
     0.062539062500000006       1.5169164730785469
     0.062617187500000004        1.520748205346679
     0.062695312500000003       1.5231076112919977
     0.062773437500000001       1.5240247341970705
     0.062851562499999999       1.5239938203652881
     0.062929687499999998       1.5230707765543483
     0.063007812499999996       1.5210155842869417
     0.063085937499999994       1.5187617099060204
     0.063164062500000007       1.5179341341609129
     0.063242187500000005       1.5188287933633118
     0.063320312500000003        1.520351052424721
     0.063398437500000002       1.5215983332994314
             0.0634765625       1.5233047795352757
     0.063554687499999998       1.5261539795930372
     0.063632812499999997       1.5296960232615096
     0.063710937499999995       1.5329396655932834
     0.063789062500000007       1.5351943490271529
     0.063867187500000006       1.5371646342577836
     0.063945312500000004       1.5394592605982369
     0.064023437500000002       1.5420786233061232
     0.064101562500000001        1.544681910899443
     0.064179687499999999       1.5469331371935966
     0.064257812499999997       1.5489947891732192
     0.064335937499999996       1.5509582273165272
     0.064414062500000008       1.5527217364746408
     0.064492187500000006       1.5538937553183327
     0.064570312500000004       1.5546264501201739
     0.064648437500000003       1.5551861444422708
     0.064726562500000001       1.5570456449873904
     0.064804687499999999        1.559140521638628
     0.064882812499999998       1.5623183689515114
     0.064960937499999996       1.5611469974160626
     0.065078125000000001       1.5601722764119184
     0.065234374999999997       1.5690469447551998
     0.065390625000000008        1.571610979665764
     0.065546875000000004        1.562875160779414
     0.065703125000000001       1.5518625320736865
     0.065859374999999998       1.5418523992663959
     0.066015624999999994       1.5368013348659235
     0.066171875000000005       1.5423552553687616
     0.066328125000000002       1.5523766029008748
     0.066484374999999998       1.5505672153418177
     0.066640624999999995       1.5296365278349349
     0.066796875000000006       1.4982815451364608
     0.066953125000000002       1.4680910460822707
     0.067109374999999999       1.4456766701157264
     0.067265624999999996       1.4291531555562418
     0.067421875000000006        1.414810840589853
     0.067578125000000003       1.4015093060084296
     0.067734374999999999       1.3883351137377364
     0.067890624999999996       1.3745002012700855
     0.068046875000000007       1.3593002457806673
     0.068203125000000003       1.3422177849482051
              0.068359375       1.3231471550770095
     0.068515624999999997       1.3024556107869936
     0.068671875000000007       1.2807811140478396
     0.068828125000000004       1.2588013579398001
     0.068984375000000001       1.2371393345142505
     0.069140624999999997       1.2162989038318017
     0.069296875000000008         1.19659011878148
     0.069453125000000004       1.1781018980063958
     0.069609375000000001       1.1607731838411903
     0.069765624999999998       1.1444990369559722
     0.069921875000000008       1.1291525851316147
     0.070078125000000005       1.1145250505227771
     0.070234375000000002       1.1002487785820263
     0.070390624999999998       1.0858858764982644
     0.070546874999999995        1.071143319703789
     0.070703125000000006       1.0560132426616768
     0.070859375000000002       1.0406077118906183
     0.071015624999999999       1.0251183107050412
     0.071171874999999996       1.0097081061629065
     0.071328125000000006      0.99450890677364601
     0.071484375000000003      0.97929428775198635
     0.071640624999999999      0.96362792178820766
     0.071796874999999996      0.94728064285630087
     0.071953125000000007      0.93022748736346539
     0.072109375000000003      0.91398326848093492
              0.072265625      0.89973607308251335
     0.072421874999999997      0.88712297722508482
     0.072539062500000001      0.87446646155587049
     0.072617187499999999      0.86618250855024304
     0.072695312499999998      0.85876651118543623
     0.072773437499999996      0.85206872211404594
     0.072851562500000008      0.84442473381615579
     0.072929687500000007      0.83415456105679509
     0.073007812500000005      0.82096742060845107
     0.073085937500000003      0.80585396034705681
     0.073164062500000002      0.79126125884382337
             0.0732421875      0.77844756291225869
     0.073320312499999998      0.76757706763599087
     0.073398437499999997      0.75817694237498134
     0.073476562499999995      0.74998691703880382
     0.073554687500000007      0.74235101272626591
     0.073632812500000006      0.73478495702821933
     0.073710937500000004      0.72739226257387635
     0.073789062500000002       0.7205247833517292
     0.073867187500000001      0.71441505194731225
     0.073945312499999999      0.70908178151296342
     0.074023437499999997      0.70434491550358946
     0.074101562499999996      0.69990406384326909
     0.074179687500000008      0.69552295234396033
     0.074257812500000006      0.69126044881861737
     0.074335937500000004      0.68749057580760975
     0.074414062500000003      0.68473667833976326
     0.074492187500000001      0.68309854560713301
     0.074570312499999999      0.68215580067158632
     0.074648437499999998      0.68187040090476425
     0.074726562499999996      0.68212677558902612
     0.074804687500000008      0.68125990657182844
     0.074882812500000007      0.67700661547082663
     0.074960937500000005      0.67337943831583069
     0.075039062500000003      0.67823503694456522
     0.075117187500000002       0.6649886364720583
             0.0751953125      0.62553437416707036
     0.075273437499999998      0.76824302669580058
     0.075351562499999997       1.4331124623213889
     0.075429687499999995       2.0191184162134705
     0.075507812500000007          2.0783341737762
     0.075585937500000006       1.9246873351717699
     0.075664062500000004       1.7852008641194619
     0.075742187500000002       1.6987215326657152
     0.075820312500000001       1.6375975794664577
     0.075898437499999999       1.5788273109121671
     0.075976562499999997       1.5290640871236918
     0.076054687499999996       1.4959222269247268
     0.076132812500000008        1.477953617019897
     0.076210937500000006       1.4696756348764994
     0.076289062500000004       1.4626879405439208
     0.076367187500000003       1.4377522943178855
     0.076445312500000001       1.3950498415699593
     0.076523437499999999       1.3599087754304957
     0.076601562499999998       1.3806438595089181
     0.076679687499999996       1.4836252530569525
     0.076757812500000008        1.757553908299049
     0.076835937500000007       2.1850582134014838
     0.076914062500000005       2.4268268549938932
     0.076992187500000003       2.3773140081824993
     0.077070312500000002       2.2173451680895071
             0.0771484375       2.0658257808778466
     0.077226562499999998       1.9592418451718416
     0.077304687499999997       1.8990434126003091
     0.077382812499999995       1.8663806729707613
     0.077460937500000007        1.839840169821215
     0.077539062500000006       1.8112151170223563
     0.077617187500000004       1.7806426547605663
     0.077695312500000002       1.7514912666859337
     0.077773437500000001       1.7255428703596569
     0.077851562499999999       1.7025318674391086
     0.077929687499999997       1.6815352039446287
     0.078007812499999996       1.6612912052898403
     0.078085937500000008       1.6398329813956121
     0.078164062500000006        1.616092143856837
     0.078242187500000004        1.591823467067415
     0.078320312500000003        1.570960035980091
     0.078398437500000001       1.5581200349326154
     0.078476562499999999       1.5542044592209898
     0.078554687499999998       1.5492957956520126
     0.078632812499999996       1.5269137024891415
     0.078710937500000008       1.4420677137345923
     0.078789062500000007        1.299344621706515
     0.078867187500000005       1.1863535114582171
     0.078945312500000003       1.1657189033645883
     0.079023437500000002       1.1882756402076244
             0.0791015625         1.21487993324613
     0.079179687499999998       1.2267337799646683
     0.079257812499999997       1.2222765238880637
     0.079335937499999995       1.2116621335392526
     0.079414062500000007        1.201050730709279
     0.079492187500000006       1.1954917282332318
     0.079570312500000004       1.1976615910961066
     0.079648437500000002       1.2088856139559598
     0.079726562500000001       1.2303130907407795
     0.079804687499999999       1.2531982499250849
     0.079882812499999997       1.2751738341149783
     0.079960937499999996       1.3002953652285127
     0.080039062500000008       1.3274799210641335
     0.080117187500000006       1.3565903031210662
     0.080195312500000004       1.3872925822444615
     0.080273437500000003         1.41997727559725
     0.080351562500000001       1.4605342344896124
     0.080429687499999999       1.5155894149864253
     0.080507812499999998       1.5799524589298997
     0.080585937499999996       1.6387617584039278
     0.080664062500000008       1.6775025498675307
     0.080742187500000007       1.7016511264015124
     0.080820312500000005       1.7228490317909941
     0.080898437500000003       1.7379392026316793
     0.080976562500000002       1.7360708146210879
             0.0810546875       1.7158634983223557
     0.081132812499999998       1.6985668166821046
     0.081210937499999997       1.6974318646151643
     0.081289062499999995       1.7007688981105256
     0.081367187500000007       1.7016789512978971
     0.081445312500000006        1.700809220381011
     0.081523437500000004        1.704367446647248
     0.081601562500000002       1.7188561684608492
     0.081679687500000001       1.7387948575648127
     0.081757812499999999       1.7551110472887972
     0.081835937499999997       1.7636460634570614
     0.081914062499999996       1.7649105558473663
     0.081992187500000008       1.7583665477292025
     0.082070312500000006       1.7450308606187264
     0.082148437500000004       1.7305629239167339
     0.082226562500000003        1.720884672860415
     0.082304687500000001       1.7171916510480059
     0.082382812499999999       1.7172687515509164
     0.082460937499999998       1.7192210612993564
     0.082539062499999996       1.7224108320043539
     0.082617187500000008       1.7296977986965436
     0.082695312500000007       1.7438829994615743
     0.082773437500000005        1.763940154052956
     0.082851562500000003       1.7864984468702181
     0.082929687500000002       1.8131073060990748
             0.0830078125        1.849545765546069
     0.083085937499999998       1.8875489779213435
     0.083164062499999997       1.9035334505118011
     0.083242187499999995       1.8423740542822729
     0.083320312500000007       1.7334032420328813
     0.083398437500000006       1.6710769219398192
     0.083476562500000004       1.6498976503026768
     0.083554687500000002       1.6217251220447351
     0.083632812500000001       1.5791884030816639
     0.083710937499999999       1.5336178956340916
     0.083789062499999997       1.5001724597753801
     0.083867187499999996        1.481632902383196
     0.083945312500000008       1.4726176021251598
     0.084023437500000006        1.470030367395978
     0.084101562500000004       1.4724331611715553
     0.084179687500000003       1.4788249744836968
     0.084257812500000001       1.4876572265728008
     0.084335937499999999       1.4968771769740048
     0.084414062499999998       1.5049024518722329
     0.084492187499999996       1.5109587602113941
     0.084570312500000008       1.5145797754014449
     0.084648437500000007       1.5172215275009679
     0.084726562500000005       1.5209807911273525
     0.084804687500000003       1.5352224442579825
     0.084882812500000002       1.5747869734091127
             0.0849609375       1.6128556842563415
     0.085039062499999998        1.628097742868692
     0.085117187499999997       1.6439017410835153
     0.085195312499999995       1.6882500336509443
     0.085273437500000007       1.8125039563911611
     0.085351562500000006       1.9057180583208035
     0.085429687500000004       1.7689500417698736
     0.085507812500000002       1.4658058973253927
     0.085585937500000001       1.3109303313894212
     0.085664062499999999       1.3010075163694399
     0.085742187499999997       1.3036085142616392
     0.085820312499999996       1.3092413420573901
     0.085898437500000008         1.31518811224079
     0.085976562500000006       1.3195855570844166
     0.086054687500000004       1.3220377703414012
     0.086132812500000003       1.3236262917686548
     0.086210937500000001       1.3247360256958944
     0.086289062499999999       1.3249670693214135
     0.086367187499999998       1.3247401630395714
     0.086445312499999996       1.3252904375998695
     0.086523437500000008        1.326813773844012
     0.086601562500000007       1.3286435694621199
     0.086679687500000005       1.3305876727381858
     0.086757812500000003       1.3331890396218082
     0.086835937500000002       1.3366613612616436
             0.0869140625       1.3403211494284633
     0.086992187499999998       1.3438048798514819
     0.087070312499999997       1.3473266303910627
     0.087148437499999995       1.3510759005802278
     0.087226562500000007       1.3559497847285531
     0.087304687500000006       1.3635520491586914
     0.087382812500000004       1.3736941922713102
     0.087460937500000002       1.3842786185651164
     0.087539062500000001       1.3946075979155377
     0.087617187499999999       1.4058881337554727
     0.087695312499999997       1.4185003137518968
     0.087773437499999996       1.4307165948132452
     0.087851562500000008       1.4401001483548501
     0.087929687500000006       1.4454599561746895
     0.088007812500000004       1.4480675861047048
     0.088085937500000003       1.4501585664862429
     0.088164062500000001       1.4533075770119539
     0.088242187499999999       1.4592847742613975
     0.088320312499999998       1.4722937793996342
     0.088398437499999996       1.4970438814262019
     0.088476562500000008       1.5300795830589788
     0.088554687500000007       1.5571921478255808
     0.088632812500000005       1.5564240525626478
     0.088710937500000003       1.5074835841785779
     0.088789062500000002       1.4339310240816958
             0.0888671875       1.3791566359844529
     0.088945312499999998       1.3646396865302652
     0.089023437499999997       1.3705217341700486
     0.089101562499999995       1.3823309061515301
     0.089179687500000007       1.3947828762316692
     0.089257812500000006        1.403853943948614
     0.089335937500000004        1.407560551631839
     0.089414062500000002       1.4046567518530404
     0.089492187500000001       1.3940360175781916
     0.089570312499999999       1.3768877973748541
     0.089648437499999997        1.358525945667457
     0.089726562499999996       1.3456099090187768
     0.089804687500000008        1.340460744734931
     0.089882812500000006       1.3394619621582653
     0.089960937500000004       1.3408115291753901
     0.090078124999999995        1.339992174319153
     0.090234375000000006       1.3361670249335007
     0.090390625000000002        1.317861795414065
     0.090546874999999999        1.291816741639372
     0.090703124999999996       1.2739491671365217
     0.090859375000000006       1.2691364706210886
     0.091015625000000003       1.2703919121889875
     0.091171874999999999       1.2747269819199121
     0.091328124999999996       1.2819033310643058
     0.091484375000000007       1.2891973077077035
     0.091640625000000003       1.2925871590946132
              0.091796875       1.2906212702897011
     0.091953124999999997       1.2844238889376238
     0.092109375000000007       1.2753120238571278
     0.092265625000000004       1.2653115061433597
     0.092421875000000001       1.2573181752352285
     0.092578124999999997       1.2535653239606337
     0.092734375000000008       1.2534771277211239
     0.092890625000000004       1.2547651409831793
     0.093046875000000001       1.2565370109801111
     0.093203124999999998       1.2584597766103192
     0.093359375000000008       1.2602003366768182
     0.093515625000000005       1.2615264677312839
     0.093671875000000002       1.2624532104039852
     0.093828124999999998       1.2631565318228288
     0.093984375000000009       1.2637396113348305
     0.094140625000000006       1.2641567137303711
     0.094296875000000002       1.2647654631111964
     0.094453124999999999       1.2655509135998253
     0.094609374999999996       1.2664665230040144
     0.094765625000000006       1.2671110427995269
     0.094921875000000003       1.2669536805294426
     0.095156249999999998       1.2659718753571363
     0.095468750000000005       1.2635153250944646
     0.095781249999999998       1.2600850364456397
     0.096093750000000006        1.257239846296931
     0.096406249999999999       1.2564547486710025
     0.096718750000000006        1.257755515969732
     0.097031249999999999        1.259361237416559
     0.097343750000000007        1.260359963922985
               0.09765625       1.2587663523369723
     0.097968750000000007       1.2542755245455097
     0.098281250000000001       1.2495056763952266
     0.098593750000000008       1.2469544932485552
     0.098906250000000001       1.2479509283456969
     0.099218750000000008       1.2507021938196565
     0.099531250000000002       1.2558876833682728
     0.099843750000000009       1.2614547769930273
                0.1003125        1.271980144914908
                0.1009375       1.2875798861496224
                0.1015625       1.2970492461576673
                0.1021875       1.2902571110773871
                0.1028125        1.268015386251591
                0.1034375        1.244510424889834
                0.1040625       1.2286217361579366
                0.1046875       1.2216554781636855
                0.1053125       1.2234847037535119
                0.1059375       1.2304839065073347
                0.1065625       1.2365318869978945
                0.1071875       1.2347412629923888
      0.10781250000000001       1.2217244417416648
      0.10843750000000001       1.2066356053528371
      0.10906250000000001       1.1988821119212534
      0.10968750000000001       1.2003329584960734
      0.11031250000000001       1.2075249005617499
      0.11093750000000001       1.2174036418963934
      0.11156250000000001       1.2262095500533967
                0.1121875       1.2289526932926456
                0.1128125       1.2223277348453876
                0.1134375       1.2104714857981087
                0.1140625       1.2012441677346313
                0.1146875       1.1984392878061858
                0.1153125       1.1985026460548669
                0.1159375       1.1990588823135735
                0.1165625       1.1997953282933789
                0.1171875       1.2005909251167157
                0.1178125       1.2014041265296251
                0.1184375       1.2021479501599095
                0.1190625       1.2025758847883528
                0.1196875       1.2019851233105743
                0.1203125       1.1987907912153926
                0.1209375       1.1936274671093687
                0.1215625       1.1892947890873127
                0.1221875       1.1879402086632826
                0.1228125       1.1886226120185286
      0.12343750000000001       1.1897925324730343
      0.12406250000000001       1.1907488158163502
      0.12468750000000001       1.1910506856463536
      0.12531249999999999       1.1907502332989595
      0.12593750000000001       1.1901958926757958
      0.12656249999999999       1.1897134721025664
      0.12718750000000001       1.1894842427013637
                0.1278125       1.1895328312483722
      0.12843750000000001       1.1898290465379935
                0.1290625       1.1903600866936359
      0.12968750000000001       1.1910982401697687
                0.1303125       1.1919353988035384
      0.13093750000000001       1.1926917527981311
                0.1315625       1.1932100315981746
      0.13218750000000001       1.1934600534585771
                0.1328125       1.1935711294008504
      0.13343750000000001       1.1937508828256771
                0.1340625       1.1941633577018429
      0.13468750000000002       1.1948247306350255
                0.1353125        1.195578452991344
      0.13593750000000002       1.1961741770581582
                0.1365625       1.1963978246139586
      0.13718749999999999       1.1961968992818437
                0.1378125       1.1957310722928693
      0.13843749999999999       1.1952809088330751
      0.13906250000000001       1.1950867276787833
      0.13968749999999999       1.1952014245239568
      0.14031250000000001       1.1954850475359233
      0.14093749999999999       1.1957490189966982
      0.14156250000000001       1.1959024087776218
      0.14218749999999999       1.1960067286928064
      0.14281250000000001       1.1962036573571952
                0.1434375       1.1965860338534879
      0.14406250000000001       1.1971221520161837
                0.1446875       1.1976990569446404
      0.14531250000000001       1.1982369175504888
                0.1459375       1.1987615608089772
      0.14656250000000001        1.199357515572917
                0.1471875       1.2000407955964554
      0.14781250000000001        1.200687890838205
                0.1484375       1.2011110857139244
      0.14906250000000001       1.2012251198055597
                0.1496875       1.2011420799547488
      0.15031250000000002        1.201072458899046
                0.1509375       1.2011417336656729
      0.15156250000000002       1.2012472463978456
                0.1521875       1.2010517611133036
      0.15281249999999999       1.1993397705393538
                0.1534375       1.1937621789725525
      0.15406249999999999       1.1858394033376696
      0.15468750000000001       1.1794355410024464
      0.15531249999999999       1.1767083791545521
      0.15593750000000001       1.1762483623844884
      0.15656249999999999       1.1762626010141561
      0.15718750000000001       1.1763746214147881
      0.15781249999999999       1.1764459476544995
      0.15843750000000001       1.1764547176295839
                0.1590625        1.176433038371286
      0.15968750000000001        1.176412814070769
                0.1603125       1.1764055597520493
      0.16093750000000001       1.1764075846467246
                0.1615625       1.1764116768033475
      0.16218750000000001       1.1764138641379716
                0.1628125       1.1764139300264225
      0.16343750000000001       1.1764131869462309
                0.1640625       1.1764126470325158
      0.16468750000000001       1.1764125407136761
                0.1653125       1.1764126594273319
      0.16593750000000002       1.1764127763495278
                0.1665625       1.1764128123329629
      0.16718750000000002       1.1764127952651409
                0.1678125        1.176412771762636
      0.16843749999999999        1.176412762568064
                0.1690625       1.1764127647765428
      0.16968749999999999       1.1764127692871349
      0.17031250000000001       1.1764127713358672
      0.17093749999999999       1.1764127710743717
      0.17156250000000001       1.1764127702303218
      0.17218749999999999       1.1764127698112115
      0.17281250000000001       1.1764127698420577
      0.17343749999999999        1.176412769998177
      0.17406250000000001       1.1764127700786773
                0.1746875       1.1764127700740175
      0.17531250000000001       1.1764127700452749
                0.1759375       1.1764127700306306
      0.17656250000000001       1.1764127700317133
                0.1771875       1.1764127700369835
      0.17781250000000001       1.1764127700395068
                0.1784375       1.1764127700392002
      0.17906250000000001       1.1764127700382425
                0.1796875       1.1764127700378313
      0.18031250000000001       1.1764127700379152
                0.1809375       1.1764127700380862
      0.18156250000000002       1.1764127700381481
                0.1821875       1.1764127700381288
      0.18281250000000002       1.1764127700381004
                0.1834375       1.1764127700380904
      0.18406249999999999       1.1764127700380935
                0.1846875       1.1764127700380977
      0.18531249999999999       1.1764127700381009
      0.18593750000000001       1.1764127700381024
      0.18656249999999999        1.176412770038104
      0.18718750000000001       1.1764127700381042
      0.18781249999999999       1.1764127700381035
      0.18843750000000001       1.1764127700381035
      0.18906249999999999       1.1764127700381035
      0.18968750000000001       1.1764127700381035
                0.1903125       1.1764127700381048
      0.19093750000000001       1.1764127700381053
                0.1915625       1.1764127700381062
      0.19218750000000001       1.1764127700381062
                0.1928125       1.1764127700381062
      0.19343750000000001       1.1764127700381048
                0.1940625       1.1764127700381033
      0.19468750000000001       1.1764127700381013
                0.1953125        1.176412770038102
      0.19593750000000001       1.1764127700381035
                0.1965625       1.1764127700381035
      0.19718750000000002       1.1764127700381013
                0.1978125       1.1764127700380995
      0.19843750000000002       1.1764127700380982
                0.1990625       1.1764127700380986
      0.19968750000000002       1.1764127700381009
                0.2003125       1.1764127700381035
      0.20093749999999999       1.1764127700381062
      0.20156250000000001       1.1764127700381075
      0.20218749999999999       1.1764127700381075
      0.20281250000000001       1.1764127700381062
      0.20343749999999999       1.1764127700381048
      0.20406250000000001       1.1764127700381035
      0.20468749999999999       1.1764127700381009
      0.20531250000000001          1.1764127700381
                0.2059375       1.1764127700381006
      0.20656250000000001       1.1764127700381009
                0.2071875       1.1764127700381017
      0.20781250000000001       1.1764127700381035
                0.2084375       1.1764127700381046
      0.20906250000000001        1.176412770038104
                0.2096875       1.1764127700381026
      0.21031250000000001       1.1764127700381026
                0.2109375       1.1764127700381013
      0.21156250000000001       1.1764127700381009
                0.2121875       1.1764127700381009
      0.21281250000000002       1.1764127700380995
                0.2134375       1.1764127700380982
      0.21406250000000002       1.1764127700380986
                0.2146875          1.1764127700381
      0.21531250000000002       1.1764127700381022
                0.2159375       1.1764127700381035
      0.21656249999999999        1.176412770038104
      0.21718750000000001       1.1764127700381048
      0.21781249999999999       1.1764127700381053
      0.21843750000000001        1.176412770038104
      0.21906249999999999       1.1764127700381026
      0.21968750000000001       1.1764127700381035
      0.22031249999999999       1.1764127700381035
      0.22093750000000001       1.1764127700381035
                0.2215625       1.1764127700381053
      0.22218750000000001       1.1764127700381062
                0.2228125       1.1764127700381053
      0.22343750000000001       1.1764127700381048
                0.2240625       1.1764127700381048
      0.22468750000000001       1.1764127700381048
                0.2253125       1.1764127700381053
      0.22593750000000001       1.1764127700381068
                0.2265625       1.1764127700381075
      0.22718750000000001       1.1764127700381075
                0.2278125       1.1764127700381075
      0.22843750000000002       1.1764127700381075
                0.2290625       1.1764127700381066
      0.22968750000000002       1.1764127700381062
                0.2303125       1.1764127700381062
      0.23093750000000002       1.1764127700381075
                0.2315625        1.176412770038108
      0.23218749999999999        1.176412770038108
      0.23281250000000001       1.1764127700381062
      0.23343749999999999        1.176412770038104
      0.23406250000000001       1.1764127700381035
      0.23468749999999999       1.1764127700381035
      0.23531250000000001       1.1764127700381035
      0.23593749999999999       1.1764127700381022
      0.23656250000000001          1.1764127700381
                0.2371875       1.1764127700380993
      0.23781250000000001       1.1764127700381009
                0.2384375       1.1764127700381013
      0.23906250000000001       1.1764127700381022
                0.2396875       1.1764127700381026
