# 1-d slice in y-direction, file: /shared/solver_ab/run_old/plot/plt02000
# time = 0.00040024831951659002
#                       y                  Density
   3.9062500000000001e-05       2.0343660133367525
             0.0001171875       2.0341473621387776
   0.00019531250000000001        2.033337876304429
   0.00027343750000000003       2.0314382503968975
   0.00035156249999999999       2.0282726841051861
             0.0004296875       2.0238991758575229
   0.00050781250000000002       2.0184505338676999
   0.00058593749999999998       2.0120489013656941
   0.00066406250000000005       2.0047786059245718
   0.00074218750000000001       1.9966904608060387
   0.00082031249999999997       1.9878155365295189
   0.00089843750000000004       1.9781768190209956
             0.0009765625       1.9677956979577924
    0.0010546875000000001       1.9566944226851977
    0.0011328124999999999       1.9448965169144665
             0.0012109375       1.9324265422316931
    0.0012890625000000001       1.9193098283124508
    0.0013671875000000001       1.9055723152737354
             0.0014453125       1.8912404746661997
    0.0015234375000000001       1.8763412549770047
    0.0016015625000000001       1.8609020220619494
             0.0016796875       1.8449504873821909
             0.0017578125       1.8285146287804637
    0.0018359375000000001       1.8116226103238506
             0.0019140625       1.7943027054285419
             0.0019921875       1.7765832244789113
    0.0020703125000000001       1.7584924460222335
    0.0021484375000000002       1.7400585497533163
    0.0022265625000000002       1.7213095496634216
    0.0023046874999999999       1.7022732264542564
    0.0023828124999999999       1.6829770591928153
             0.0024609375       1.6634481569030741
    0.0025390625000000001       1.6437131912238521
    0.0026171875000000002       1.6237983314059852
    0.0026953125000000002       1.6037291827443398
    0.0027734374999999999       1.5835307293784491
    0.0028515624999999999       1.5632272820472088
             0.0029296875       1.5428424311252646
    0.0030078125000000001       1.5223990050804621
    0.0030859375000000001       1.5019190343556144
    0.0031640625000000002       1.4814237205963603
    0.0032421875000000003       1.4609334111009664
    0.0033203124999999999       1.4404675783544363
             0.0033984375       1.4200448044666043
    0.0034765625000000001       1.3996827703573536
    0.0035546875000000001       1.3793982494918711
    0.0036328125000000002       1.3592071059530575
    0.0037109375000000003       1.3391242966203405
    0.0037890624999999999       1.3191638772040808
             0.0038671875       1.2993390118690091
             0.0039453125       1.2796619861666017
    0.0040234375000000001       1.2601442229859887
    0.0041015625000000002       1.2407963012294967
    0.0041796875000000002       1.2216279769179215
    0.0042578125000000003       1.2026482064305275
    0.0043359375000000004       1.1838651715855284
    0.0044140625000000005       1.1652863062689545
    0.0044921875000000005       1.1469183243238261
    0.0045703124999999997       1.1287672484184039
    0.0046484374999999998       1.1108384396229871
    0.0047265624999999999       1.0931366274402272
    0.0048046874999999999       1.0756659400548243
             0.0048828125       1.0584299345958157
    0.0049609375000000001       1.0414316272376514
    0.0050390625000000001       1.0246735230022583
    0.0051171875000000002       1.0081576451549221
    0.0051953125000000003      0.99188556410406237
    0.0052734375000000003       0.9758584257063645
    0.0053515625000000004      0.96007697885055665
    0.0054296875000000005      0.94454160216539862
    0.0055078124999999997      0.92925232968447702
    0.0055859374999999998      0.91420887533667972
    0.0056640624999999998      0.89941065621665206
    0.0057421874999999999      0.88485681470897126
             0.0058203125      0.87054623963273758
             0.0058984375      0.85647758661366558
    0.0059765625000000001       0.8426492978217639
    0.0060546875000000002      0.82905962110017617
    0.0061328125000000002      0.81570662833881413
    0.0062109375000000003      0.80258823289531767
    0.0062890625000000004       0.7897022058365567
    0.0063671875000000005      0.77704619099110728
    0.0064453125000000005      0.76461771885857988
    0.0065234374999999997      0.75241421969848943
    0.0066015624999999998      0.74043303605701527
    0.0066796874999999999      0.72867143490767283
    0.0067578124999999999      0.71712661938205591
             0.0068359375      0.70579573951383545
    0.0069140625000000001       0.6946759022039769
    0.0069921875000000001      0.68376417880862383
    0.0070703125000000002      0.67305761442019607
    0.0071484375000000003      0.66255323533927379
    0.0072265625000000003      0.65224806937222335
    0.0073046875000000004      0.64213916005927718
    0.0073828125000000005      0.63222361277898254
    0.0074609375000000006      0.62249860889995734
    0.0075390624999999998      0.61296150646677294
    0.0076171874999999998      0.60360983379895106
    0.0076953124999999999      0.59444146591442748
             0.0077734375      0.58545443183441004
    0.0078515625000000009      0.57664715053551729
     0.007929687500000001       0.5680177222537699
    0.0080078124999999993      0.55956433091211555
    0.0080859374999999994      0.55128431914466147
    0.0081640624999999994      0.54317334345614332
    0.0082421874999999995      0.53522465488705151
    0.0083203124999999996      0.52742997023459304
    0.0083984374999999997      0.51977422797742301
    0.0084765624999999997      0.51223737391643986
    0.0085546874999999998      0.50479644816565528
    0.0086328124999999999      0.49742757226427359
    0.0087109374999999999      0.49008237862204274
             0.0087890625      0.48278314891394913
    0.0088671875000000001      0.47563198812303115
    0.0089453125000000001      0.46887951233234709
    0.0090234375000000002      0.46333564167408869
    0.0091015625000000003      0.46298780792479011
    0.0091796875000000003      0.50596431979831613
    0.0092578125000000004      0.87609189739432802
    0.0093359375000000005       1.4664714614099859
    0.0094140625000000006       1.6454448313940808
    0.0094921875000000006       1.5123291913759458
    0.0095703125000000007       1.4161084244143498
    0.0096484375000000008       1.3888465644324126
    0.0097265625000000008       1.4074569356734674
    0.0098046875000000009       1.4444065062008922
     0.009882812500000001       1.4840918011361071
     0.009960937500000001       1.5131660466656809
     0.010039062499999999       1.5211138818195737
     0.010117187499999999       1.5100078779762047
             0.0101953125       1.4922840151785062
             0.0102734375       1.4798706707616467
             0.0103515625       1.4775600905954887
             0.0104296875        1.485736658094341
             0.0105078125       1.5033365120362649
             0.0105859375       1.5267489106868988
             0.0106640625       1.5486442394108535
             0.0107421875       1.5627010559783077
             0.0108203125       1.5677377355577879
             0.0108984375       1.5672329673295389
             0.0109765625       1.5650069994983928
             0.0110546875       1.5615823484172555
             0.0111328125       1.5568612927521124
             0.0112109375        1.552003643374291
             0.0112890625       1.5496107670317665
     0.011367187500000001       1.5510500103187799
     0.011445312500000001       1.5546927111650513
     0.011523437500000001       1.5586803699801985
     0.011601562500000001       1.5610615327846045
     0.011679687500000001       1.5640083774422988
     0.011757812500000001       1.5711857668384657
     0.011835937500000001       1.5840129984032099
     0.011914062500000001       1.5982145397202268
     0.011992187500000001        1.608619279208892
     0.012070312499999999       1.6134206224680216
             0.0121484375       1.6162535069377069
             0.0122265625       1.6220657255921325
             0.0123046875       1.6347458453570085
             0.0123828125       1.6545250597729686
             0.0124609375       1.6773609206405919
             0.0125390625       1.6973233402713641
             0.0126171875       1.7102604160680508
             0.0126953125        1.715701910249992
             0.0127734375       1.7184395337397822
             0.0128515625       1.7258013507655325
             0.0129296875       1.7935659458831108
             0.0130078125        2.075136677841789
             0.0130859375       2.4132870690068042
             0.0131640625       2.4950141764236458
             0.0132421875       2.3650374291755476
     0.013320312500000001       2.1988043275324149
     0.013398437500000001       2.0657275599861253
     0.013476562500000001       1.9740658117659065
     0.013554687500000001       1.9127180274146842
     0.013632812500000001       1.8701436746710078
     0.013710937500000001        1.837370709928924
     0.013789062500000001       1.8096669312788647
     0.013867187500000001       1.7851677925852476
     0.013945312500000001       1.7635208973858731
     0.014023437499999999       1.7448064775884771
             0.0141015625       1.7291054472406964
             0.0141796875         1.71599727521787
             0.0142578125       1.7044365527711276
             0.0143359375       1.6928593927071887
             0.0144140625       1.6798959853367259
             0.0144921875       1.6650385500520346
             0.0145703125        1.648721364692268
             0.0146484375       1.6325316412330038
             0.0147265625       1.6195969624457955
             0.0148046875       1.6162662775153376
             0.0148828125       1.6287363454345007
             0.0149609375       1.6554851287032526
             0.0150390625       1.6825322957268167
             0.0151171875       1.6950028224964588
             0.0151953125        1.687706267583748
     0.015273437500000001       1.6649250329947081
     0.015351562500000001       1.6342655476704024
     0.015429687500000001         1.60223941400034
     0.015507812500000001       1.5730381261613988
     0.015585937500000001       1.5482779117781116
     0.015664062499999999       1.5277197851761091
     0.015742187500000001       1.5102865648822026
     0.015820312499999999       1.4948755070791369
     0.015898437500000001       1.4808374878941473
     0.015976562499999999       1.4680347348285436
     0.016054687500000001       1.4567392544075075
             0.0161328125       1.4474759897532679
     0.016210937500000001       1.4407547164576233
             0.0162890625       1.4368022539398628
     0.016367187500000002       1.4354937376478334
             0.0164453125       1.4364087396320124
     0.016523437500000002       1.4389803595300927
             0.0166015625       1.4427164732859472
     0.016679687500000002       1.4475652929425271
             0.0167578125       1.4537298530179847
     0.016835937500000002       1.4612209191917094
             0.0169140625       1.4698312475359616
     0.016992187500000002        1.479032127381537
             0.0170703125        1.488072577477046
     0.017148437499999999       1.4960565324790578
     0.017226562500000001       1.5021641347162871
     0.017304687499999999       1.5056759117806351
     0.017382812500000001       1.5061808486802177
     0.017460937499999999       1.5038841721446341
     0.017539062500000001       1.4995384997232812
     0.017617187499999999       1.4941374040994539
     0.017695312500000001       1.4885537957152397
     0.017773437499999999       1.4832195912727848
     0.017851562500000001       1.4779597456694267
     0.017929687499999999        1.472071417135328
     0.018007812500000001       1.4646478439278534
             0.0180859375       1.4550235830218272
     0.018164062500000001       1.4431134110281014
             0.0182421875       1.4294406519464662
     0.018320312500000002       1.4149303222675258
             0.0183984375        1.400393583042876
     0.018476562500000002       1.3862413176542028
             0.0185546875       1.3723935173574791
     0.018632812500000002       1.3585344923523952
             0.0187109375       1.3442824766624355
     0.018789062500000002       1.3295271235406445
             0.0188671875       1.3146529506997946
     0.018945312500000002       1.3000342291899896
             0.0190234375       1.2860069918272035
     0.019101562499999999        1.272817655056258
     0.019179687500000001       1.2603947205079431
     0.019257812499999999       1.2484067340737428
     0.019335937500000001       1.2364711141133922
     0.019414062499999999       1.2243815703439092
     0.019492187500000001       1.2121614440643897
     0.019570312499999999       1.1999323955082151
     0.019648437500000001       1.1877641288360752
     0.019726562499999999       1.1756124831571713
     0.019804687500000001       1.1633454235831875
     0.019882812499999999       1.1508419142587241
     0.019960937500000001       1.1380874212344585
             0.0200390625       1.1251674380070591
     0.020117187500000001       1.1121645309822348
             0.0201953125       1.0990295262983214
     0.020273437500000002       1.0855325491525605
             0.0203515625       1.0713391668374987
     0.020429687500000002        1.056168912283945
             0.0205078125       1.0399369373840535
     0.020585937500000002        1.022787767687142
             0.0206640625       1.0050059743143509
     0.020742187500000002      0.98688215783004107
             0.0208203125      0.96862977463287303
     0.020898437500000002      0.95040804890982844
             0.0209765625      0.93237052865495063
     0.021054687499999999       0.9146981460061977
     0.021132812500000001      0.89757553161841352
     0.021210937499999999      0.88112075852459815
     0.021289062500000001      0.86535745350915305
     0.021367187499999999      0.85027214606588686
     0.021445312500000001      0.83590693619293577
     0.021523437499999999      0.82240878579363852
     0.021601562500000001      0.80998584860027401
     0.021679687499999999      0.79877647958397124
     0.021757812500000001      0.78870847185266835
     0.021835937499999999      0.77951652192580956
     0.021914062500000001      0.77085999217391721
             0.0219921875      0.76246429453635189
     0.022070312500000001      0.75415202247741153
             0.0221484375      0.74611171713949431
     0.022226562500000002      0.73865234584296002
             0.0223046875      0.73147985614489142
     0.022382812500000002       0.7246574363377869
             0.0224609375      0.72418771484346056
     0.022539062500000002      0.82589862160556582
             0.0226171875       1.2286225534273363
     0.022695312500000002       1.5260269421354096
             0.0227734375       1.5480926223597504
     0.022851562500000002       1.5153221727229313
             0.0229296875       1.4869555645219004
     0.023007812499999999       1.4648136677794887
     0.023085937500000001       1.4429704110407604
     0.023164062499999999       1.4240850947273063
     0.023242187500000001       1.4101588013180437
     0.023320312499999999       1.3991421239022335
     0.023398437500000001       1.3876681267225577
     0.023476562499999999       1.3743427339609307
     0.023554687500000001       1.3589077888894174
     0.023632812499999999       1.3463902136987085
     0.023710937500000001       1.3494238850317859
     0.023789062499999999       1.3859550729765802
     0.023867187500000001       1.4542496343719402
             0.0239453125       1.5175388279391695
     0.024023437500000001       1.5584721336989771
             0.0241015625       1.5839557262198898
     0.024179687500000002       1.6070354361823231
             0.0242578125       1.6312235202866103
     0.024335937500000002       1.6567846391592365
             0.0244140625       1.6841528253606757
     0.024492187500000002       1.7097450454710381
             0.0245703125       1.7253001358163822
     0.024648437500000002       1.7322461416869319
             0.0247265625       1.7312714374619813
     0.024804687500000002       1.7279223810959148
             0.0248828125       1.7227093339430204
     0.024960937500000002       1.7136077482794609
     0.025039062500000001       1.7019720461827659
     0.025117187499999999       1.6951134886757433
     0.025195312500000001        1.698357912626794
     0.025273437499999999       1.7142052522029432
     0.025351562500000001       1.7383285209864114
     0.025429687499999999       1.7597901542954739
     0.025507812500000001       1.7726934689502727
     0.025585937499999999       1.7802455918499578
     0.025664062500000001       1.7813956748204887
     0.025742187499999999       1.7633725647038576
     0.025820312500000001       1.7278354223495891
             0.0258984375        1.702022347731353
     0.025976562500000001       1.6915583464163224
             0.0260546875       1.6847600739245543
     0.026132812500000002       1.6642321516135494
             0.0262109375       1.6339116811659931
     0.026289062500000002       1.6015618129085438
             0.0263671875       1.5704531975353091
     0.026445312500000002       1.5557524453465212
             0.0265234375       1.5510505925181184
     0.026601562500000002       1.5487148060145233
             0.0266796875       1.5468512476622327
     0.026757812500000002        1.541378076759315
             0.0268359375       1.5325690989388248
     0.026914062500000002        1.523661257214578
     0.026992187500000001       1.5164108362081763
     0.027070312499999999        1.511303379997456
     0.027148437500000001       1.5079137171454011
     0.027226562499999999       1.5059562143894452
     0.027304687500000001       1.5041791361608003
     0.027382812499999999       1.5008787686172169
     0.027460937500000001       1.4968942806393408
     0.027539062499999999       1.4943718170851339
     0.027617187500000001       1.4940322279017817
     0.027695312499999999       1.4941049443477818
     0.027773437500000001       1.4925581622496316
             0.0278515625       1.4894805534910784
     0.027929687500000001       1.4855440852081916
             0.0280078125       1.4811472837577266
     0.028085937500000002       1.4768157856949271
             0.0281640625       1.4723177355004573
     0.028242187500000002       1.4665097906894853
             0.0283203125       1.4582972020489433
     0.028398437500000002       1.4472183643225702
             0.0284765625        1.434358172523746
     0.028554687500000002       1.4223313148895944
             0.0286328125        1.413599497119173
     0.028710937500000002       1.4090556718202487
             0.0287890625       1.4078473879817794
     0.028867187500000002       1.4079798884835333
     0.028945312500000001       1.4076171836158311
     0.029023437499999999       1.4062198912346604
     0.029101562500000001       1.4043838627997129
     0.029179687499999999       1.4024359242736597
     0.029257812500000001       1.4002846963389275
     0.029335937499999999        1.397458059746864
     0.029414062500000001       1.3929208842402407
     0.029492187499999999       1.3863485688108639
     0.029570312500000001       1.3792075436616551
     0.029648437499999999       1.3735736673569807
     0.029726562500000001        1.370710601351032
             0.0298046875        1.370621079450326
     0.029882812500000001       1.3720725320845055
             0.0299609375       1.3735131788920429
     0.030039062500000002       1.3738817419846237
             0.0301171875       1.3731345377586168
     0.030195312500000002       1.3720750885816604
             0.0302734375       1.3716515583084825
     0.030351562500000002       1.3723300003574082
             0.0304296875       1.3739744974585979
     0.030507812500000002       1.3762195632160192
             0.0305859375        1.378900157816124
     0.030664062500000002       1.3822266808066226
             0.0307421875       1.3866772063234039
     0.030820312500000002       1.3927181894173639
     0.030898437500000001       1.4003149380244511
     0.030976562500000002       1.4089616111379026
     0.031054687500000001       1.4178203048969538
     0.031132812499999999       1.4260280949850885
     0.031210937500000001       1.4330765130035059
     0.031289062499999999       1.4390459798833224
     0.031367187499999998       1.4443211298349237
     0.031445312500000003       1.4497608885686195
     0.031523437500000001       1.4562790774199028
     0.031601562499999999       1.4641566153209744
     0.031679687499999998       1.4727847733180595
     0.031757812500000003       1.4807619531015046
     0.031835937500000001       1.4863184879521074
             0.0319140625       1.4877512447783303
     0.031992187499999998       1.4838902221974626
     0.032070312500000003        1.474312049341479
     0.032148437500000002       1.4593418873794706
             0.0322265625       1.4406326270926855
     0.032304687499999998       1.4209430793953224
     0.032382812500000004       1.4035667264067702
     0.032460937500000002       1.3914545318567184
             0.0325390625       1.3858502451093759
     0.032617187499999999       1.3858710669648719
     0.032695312500000004       1.3897891775384315
     0.032773437500000002       1.3957184079573741
     0.032851562500000001       1.4021761729214508
     0.032929687499999999       1.4082946362384037
     0.033007812499999997       1.4136411198801127
     0.033085937500000002       1.4180419004150582
     0.033164062500000001       1.4214578042596921
     0.033242187499999999       1.4239078300381431
     0.033320312499999998       1.4254261104806738
     0.033398437500000003       1.4260279591986504
     0.033476562500000001       1.4256999145010774
     0.033554687499999999       1.4244136431916592
     0.033632812499999998        1.422170607038759
     0.033710937500000003       1.4190499804311403
     0.033789062500000001       1.4152178351738225
             0.0338671875       1.4108887360985114
     0.033945312499999998       1.4062686151496611
     0.034023437500000003        1.401507426533789
     0.034101562500000002       1.3966802376349332
             0.0341796875        1.391802041491554
     0.034257812499999998       1.3868600351321929
     0.034335937500000004       1.3818405673398575
     0.034414062500000002       1.3767385008336206
             0.0344921875       1.3715505197551394
     0.034570312499999999       1.3662612162349885
     0.034648437500000004       1.3608319965860152
     0.034726562500000002       1.3552019377463871
     0.034804687500000001        1.349302807885878
     0.034882812499999999       1.3430819717518647
     0.034960937500000004       1.3365209300096286
     0.035039062500000002       1.3296395310613778
     0.035117187500000001       1.3224865212687349
     0.035195312499999999       1.3151186761399141
     0.035273437499999998       1.3075757101513072
     0.035351562500000003        1.299862043762132
     0.035429687500000001       1.2919426939888843
     0.035507812499999999       1.2837538888190703
     0.035585937499999998       1.2752235848008311
     0.035664062500000003       1.2662914911658054
     0.035742187500000001       1.2569200011425168
             0.0358203125       1.2470990108215845
     0.035898437499999998       1.2368508540501333
     0.035976562500000003       1.2262371474361959
     0.036054687500000002       1.2153610767874179
             0.0361328125        1.204366420626338
     0.036210937499999998       1.1934319123337254
     0.036289062500000004       1.1827529922800102
     0.036367187500000002       1.1725439817400205
             0.0364453125       1.1630848627368304
     0.036523437499999999        1.154730706420678
     0.036601562500000004       1.1478096830798559
     0.036679687500000002       1.1424855914656851
     0.036757812500000001       1.1386606911690369
     0.036835937499999999       1.1359657848555222
     0.036914062500000004       1.1337494131936252
     0.036992187500000002       1.1311392347601248
     0.037070312500000001       1.1272371807785675
     0.037148437499999999       1.1213734105551219
     0.037226562499999998       1.1132825361533594
     0.037304687500000003       1.1031130466967498
     0.037382812500000001       1.0913615341691143
     0.037460937499999999       1.0787489319417651
     0.037539062499999998       1.0660073293969161
     0.037617187500000003       1.0534511555473294
     0.037695312500000001       1.0406263170216359
             0.0377734375       1.0265213588384885
     0.037851562499999998       1.0119351095952818
     0.037929687500000003       1.0036284591910365
     0.038007812500000002       1.0181886391112938
             0.0380859375       1.0707118004100586
     0.038164062499999998       1.1230975002972663
     0.038242187500000004       1.1468380738568922
     0.038320312500000002       1.2004878984601051
             0.0383984375       1.4401727053653464
     0.038476562499999999       1.7420739010369111
     0.038554687500000004        1.826730064442035
     0.038632812500000002       1.7858117583600557
     0.038710937500000001       1.7381761826816842
     0.038789062499999999       1.7040955139561449
     0.038867187500000004        1.680098235436166
     0.038945312500000002        1.658482755689167
     0.039023437500000001       1.6389371156814392
     0.039101562499999999       1.6233650096586709
     0.039179687499999998       1.6154553997228094
     0.039257812500000003       1.6174258287229415
     0.039335937500000001       1.6275455254283135
     0.039414062499999999       1.6402071132440836
     0.039492187499999998       1.6485180282840302
     0.039570312500000003       1.6450343916062156
     0.039648437500000001       1.6300808113756426
             0.0397265625        1.611388518893401
     0.039804687499999998       1.5948818123004878
     0.039882812500000003       1.5847594888938852
     0.039960937500000002       1.5816108145948269
             0.0400390625       1.5812021124588751
     0.040117187499999998       1.5774914349210576
     0.040195312500000004       1.5668868099056736
     0.040273437500000002       1.5503885870030831
             0.0403515625        1.532191330143265
     0.040429687499999999       1.5150515903278854
     0.040507812500000004       1.5008066993163667
     0.040585937500000002       1.4914502115972801
     0.040664062500000001       1.4886049016197185
     0.040742187499999999       1.4922290447679178
     0.040820312500000004       1.5009916341788847
     0.040898437500000002       1.5117340070980116
     0.040976562500000001       1.5212839776914693
     0.041054687499999999       1.5266909564924536
     0.041132812499999998       1.5248955877759831
     0.041210937500000003       1.5147422390961534
     0.041289062500000001       1.5002729389898772
     0.041367187499999999       1.4876548531032707
     0.041445312499999998       1.4800906352737648
     0.041523437500000003       1.4765507138067449
     0.041601562500000001        1.473166538903137
             0.0416796875       1.4659136272827045
     0.041757812499999998       1.4515380591713767
     0.041835937500000003       1.4305367222930858
     0.041914062500000002       1.4068914412360773
             0.0419921875        1.384590893152692
     0.042070312499999998       1.3658380768757841
     0.042148437500000004       1.3513853713310162
     0.042226562500000002       1.3417150914044096
             0.0423046875       1.3370811297399083
     0.042382812499999999       1.3360240674742576
     0.042460937500000004        1.335579665317643
     0.042539062500000002       1.3326113718817862
     0.042617187500000001       1.3253212992273786
     0.042695312499999999       1.3140321988176453
     0.042773437500000004        1.301492033700687
     0.042851562500000002        1.292151068529142
     0.042929687500000001       1.2928382710059978
     0.043007812499999999       1.3026312230146779
     0.043085937499999998       1.3132769180344306
     0.043164062500000003       1.3192937639840294
     0.043242187500000001       1.3210415725402538
     0.043320312499999999       1.3223561744231469
     0.043398437499999998       1.3265809537736315
     0.043476562500000003       1.3341965802563636
     0.043554687500000001       1.3403987388618266
             0.0436328125       1.3357709700658407
     0.043710937499999998       1.3047440508306045
     0.043789062500000003       1.2505904081113055
     0.043867187500000002       1.1937623769825321
             0.0439453125       1.1497801982570077
     0.044023437499999998       1.1209766198267324
     0.044101562500000004       1.1020937911227378
     0.044179687500000002       1.0887830206737683
             0.0442578125        1.079247918857984
     0.044335937499999999       1.0725971431693688
     0.044414062500000004       1.0678738923315814
     0.044492187500000002        1.065339759836117
     0.044570312500000001       1.0671105499269755
     0.044648437499999999         1.10530587759248
     0.044726562500000004       1.2647240140199836
     0.044804687500000002       1.4274292305369896
     0.044882812500000001       1.4747618993761298
     0.044960937499999999       1.4812241625595006
     0.045039062499999998       1.4805074983847402
     0.045117187500000003        1.475802289439001
     0.045195312500000001       1.4697043313244604
     0.045273437499999999       1.4645326171488708
     0.045351562499999998       1.4608138795640602
     0.045429687500000003       1.4577203363160638
     0.045507812500000001       1.4549789049712152
             0.0455859375       1.4545570952304505
     0.045664062499999998        1.458536188404731
     0.045742187500000003       1.4662872807702179
     0.045820312500000002       1.4747853499333137
             0.0458984375       1.4806358911913602
     0.045976562499999998       1.4824412155581554
     0.046054687500000004       1.4807801509352092
     0.046132812500000002       1.4765906528306767
             0.0462109375       1.4701237518193377
     0.046289062499999999        1.461778937273476
     0.046367187500000004       1.4520552590378459
     0.046445312500000002       1.4418557957228844
     0.046523437500000001       1.4321348181731761
     0.046601562499999999       1.4235093714870666
     0.046679687500000004       1.4160562487200095
     0.046757812500000002       1.4096873565227688
     0.046835937500000001       1.4046363440688006
     0.046914062499999999       1.4013201395747727
     0.046992187500000004       1.4002501336787492
     0.047070312500000003       1.4015862455933426
     0.047148437500000001       1.4049539093976771
     0.047226562499999999       1.4098387169692415
     0.047304687499999998       1.4165469003195059
     0.047382812500000003        1.425151544929633
     0.047460937500000001       1.4346415119937699
             0.0475390625       1.4433607390684096
     0.047617187499999998       1.4500696878312052
     0.047695312500000003       1.4545664853493168
     0.047773437500000002       1.4570392514933048
             0.0478515625       1.4573347322314103
     0.047929687499999998       1.4552500076943491
     0.048007812500000004       1.4511940925624118
     0.048085937500000002       1.4461251199080638
             0.0481640625       1.4411532784741172
     0.048242187499999999       1.4372971716820186
     0.048320312500000004       1.4354999660422259
     0.048398437500000002       1.4370079880518241
     0.048476562500000001       1.4437498567414422
     0.048554687499999999        1.455841540814365
     0.048632812500000004       1.4696974310302506
     0.048710937500000002       1.4809836631620308
     0.048789062500000001       1.4874821296671454
     0.048867187499999999       1.4902910011163406
     0.048945312500000004       1.4910239182590075
     0.049023437500000003       1.4900509091497607
     0.049101562500000001       1.4868799702838575
     0.049179687499999999       1.4813252111190263
     0.049257812499999998       1.4743017098263107
     0.049335937500000003        1.467430001045348
     0.049414062500000001       1.4621480280954944
             0.0494921875       1.4590746990393875
     0.049570312499999998       1.4575493266596906
     0.049648437500000003       1.4563100025952058
     0.049726562500000002       1.4547167685352416
             0.0498046875       1.4547921179754089
     0.049882812499999998       1.4585180464343073
     0.049960937500000004        1.464454484802403
     0.050078125000000001       1.4638446656521233
     0.050234374999999998       1.4568294051853794
     0.050390625000000001       1.4467437338834064
     0.050546874999999998       1.4457677399182878
     0.050703125000000002       1.4527063054284484
     0.050859374999999998       1.4633602181668957
     0.051015625000000002       1.4792691722273448
     0.051171874999999999       1.4951151496428097
     0.051328125000000002       1.5007669195499056
     0.051484374999999999       1.4964134094862926
     0.051640625000000002       1.4948475251090312
     0.051796874999999999       1.5002474327730502
     0.051953125000000003       1.5118599988874957
     0.052109374999999999       1.5193200721212692
     0.052265625000000003       1.5166534527463604
              0.052421875       1.5091551313633438
     0.052578125000000003       1.4968357977674005
              0.052734375       1.4754503193179596
     0.052890625000000004       1.4477216804917603
              0.053046875       1.4202331980406546
     0.053203125000000004       1.3989292487380036
     0.053359375000000001       1.3860585654063482
     0.053515625000000004       1.3812680946940268
     0.053671875000000001       1.3832566248394529
     0.053828125000000004        1.390565247075273
     0.053984375000000001       1.4015860163799243
     0.054140624999999998       1.4157488998616481
     0.054296875000000001       1.4333799110919578
     0.054453124999999998       1.4521813879166658
     0.054609375000000002       1.4657955207012232
     0.054765624999999998        1.467661887914699
     0.054921875000000002        1.460434238659861
     0.055078124999999999       1.4502778004884527
     0.055234375000000002       1.4400829653786076
     0.055390624999999999       1.4355931699159354
     0.055546875000000002       1.4434436996588218
     0.055703124999999999       1.4579471396493882
     0.055859375000000003       1.4726484639396829
     0.056015624999999999       1.4815178307857104
     0.056171875000000003       1.4774716547066031
              0.056328125       1.4682085020198967
     0.056484375000000003       1.4591324429063337
              0.056640625       1.4522364830738743
     0.056796875000000004       1.4523209557703223
              0.056953125        1.457780219436096
     0.057109375000000004       1.4639083969116367
     0.057265625000000001       1.4660909341226436
     0.057421875000000004        1.461656089014157
     0.057578125000000001       1.4519182215545814
     0.057734375000000004       1.4400903793802131
     0.057890625000000001       1.4299462383799453
     0.058046874999999998       1.4253679028538147
     0.058203125000000001       1.4281486619660821
     0.058359374999999998       1.4368446325259108
     0.058515625000000002       1.4462549800176892
     0.058671874999999998       1.4487734205159892
     0.058828125000000002        1.439682103267403
     0.058984374999999999       1.4228920257689393
     0.059140625000000002       1.4039694895784169
     0.059296874999999999       1.3866521212655991
     0.059453125000000002        1.375658125321805
     0.059609374999999999       1.3767670925619011
     0.059765625000000003       1.3879610942649054
     0.059921874999999999       1.4030449816722881
     0.060078125000000003       1.4151584357064284
              0.060234375       1.4202334403385726
     0.060390625000000003       1.4176630277396354
              0.060546875       1.4090569808606714
     0.060703125000000004       1.3975992462363742
              0.060859375       1.3866835786957834
     0.061015625000000004       1.3790312167184327
     0.061171875000000001       1.3749801005496594
     0.061328125000000004       1.3726499666685676
     0.061484375000000001       1.3698817879270444
     0.061640625000000004        1.365515625868831
     0.061796875000000001       1.3589393394836333
     0.061953125000000005       1.3497274433883579
     0.062109375000000001       1.3376159881178786
     0.062265624999999998       1.3226594622033392
     0.062421875000000002       1.3052688292403982
     0.062578124999999998       1.2860392568637997
     0.062734374999999995       1.2656130212277019
     0.062890625000000006       1.2447855559572421
     0.063046875000000002       1.2248779240296999
     0.063203124999999999       1.2073729998400491
     0.063359374999999996       1.1933676648091938
     0.063515625000000006       1.1830353460856939
     0.063671875000000003       1.1755360424585484
     0.063828124999999999       1.1697957070332352
     0.063984374999999996       1.1649623825771553
     0.064140625000000007       1.1605083768621827
     0.064296875000000003       1.1561527971890726
              0.064453125        1.151703099071878
     0.064609374999999997       1.1469056147843388
     0.064765625000000007       1.1414142578620996
     0.064921875000000004       1.1349116675662985
     0.065078125000000001       1.1273027628546626
     0.065234374999999997        1.118858369394556
     0.065390625000000008       1.1102006858528897
     0.065546875000000004       1.1021358850850353
     0.065703125000000001       1.0953725761126154
     0.065859374999999998        1.090271939312444
     0.066015624999999994       1.0868177303698094
     0.066171875000000005       1.0848719070366672
     0.066328125000000002       1.0844762629127085
     0.066484374999999998       1.0859952337479524
     0.066640624999999995       1.0898359591588596
     0.066796875000000006       1.0963978147823477
     0.066953125000000002       1.1046867435758845
     0.067109374999999999       1.1111163280659586
     0.067265624999999996       1.1116272269126271
     0.067421875000000006       1.1023653709673646
     0.067539062499999997       1.0894346683966853
     0.067617187499999995        1.078171726093953
     0.067695312500000007       1.0656166300995205
     0.067773437500000006       1.0525432444279237
     0.067851562500000004       1.0394371384512437
     0.067929687500000002       1.0263984274021531
     0.068007812500000001       1.0134641219617648
     0.068085937499999999       1.0009516647076218
     0.068164062499999997      0.98955717614970173
     0.068242187499999996      0.97982294993384544
     0.068320312500000008      0.97169911425593114
     0.068398437500000006      0.96482391069136464
     0.068476562500000004      0.95896354255834604
     0.068554687500000003      0.95417055383694038
     0.068632812500000001      0.95061442312946332
     0.068710937499999999      0.94823891256995474
     0.068789062499999998      0.94672511526777259
     0.068867187499999996      0.94577586934389091
     0.068945312500000008      0.94521054381294867
     0.069023437500000007      0.94492508262939134
     0.069101562500000005      0.94488095502954961
     0.069179687500000003      0.94523559978654703
     0.069257812500000002      0.94628418147969973
             0.0693359375       0.9484135268447943
     0.069414062499999998      0.95186419059526861
     0.069492187499999997      0.95692119327457159
     0.069570312499999995       0.9647340346500568
     0.069648437500000007      0.97941031425243752
     0.069726562500000006       1.0065208153825533
     0.069804687500000004       1.0459035269740162
     0.069882812500000002       1.0850217002043319
     0.069960937500000001       1.1094719648500351
     0.070039062499999999       1.1144926371803718
     0.070117187499999997       1.1066415988848519
     0.070195312499999996       1.0940500441047585
     0.070273437500000008       1.0810949849975258
     0.070351562500000006       1.0691619511411927
     0.070429687500000004       1.0579220837327989
     0.070507812500000003       1.0468728440365249
     0.070585937500000001       1.0359982116061257
     0.070664062499999999       1.0258379739207288
     0.070742187499999998       1.0173897651519339
     0.070820312499999996       1.0108412639759172
     0.070898437500000008       1.0059555331671066
     0.070976562500000007       1.0016711551536115
     0.071054687500000005      0.99648481125261401
     0.071132812500000003      0.98992806846701464
     0.071210937500000002      0.98224067693134787
             0.0712890625      0.97420371952690787
     0.071367187499999998       0.9665621034212406
     0.071445312499999997       0.9596098591664971
     0.071523437499999995      0.95336012164515682
     0.071601562500000007      0.94781429046584753
     0.071679687500000006      0.94338715284296404
     0.071757812500000004      0.94052171312357624
     0.071835937500000002      0.93928715971983623
     0.071914062500000001       0.9393411523269517
     0.071992187499999999      0.94006240172788913
     0.072070312499999997      0.94071370829350975
     0.072148437499999996      0.94054802670097881
     0.072226562500000008      0.93888082056691502
     0.072304687500000006      0.93503675876588133
     0.072382812500000004      0.92801143283068321
     0.072460937500000003      0.91750441795005822
     0.072539062500000001      0.90426425250072096
     0.072617187499999999      0.89025051432359648
     0.072695312499999998      0.87737941527762742
     0.072773437499999996      0.86691659154010436
     0.072851562500000008      0.85745525245834231
     0.072929687500000007      0.85895896145795458
     0.073007812500000005      0.95581150036124229
     0.073085937500000003       1.4365978668430583
     0.073164062500000002       1.9726281493369462
             0.0732421875       2.0359047731595554
     0.073320312499999998       1.9392360895961036
     0.073398437499999997       1.8752111020790412
     0.073476562499999995       1.8357332558404109
     0.073554687500000007       1.7966868549818216
     0.073632812500000006       1.7520912425090513
     0.073710937500000004       1.7059168283623569
     0.073789062500000002       1.6618626474054325
     0.073867187500000001       1.6218715973601503
     0.073945312499999999       1.5856795489203537
     0.074023437499999997       1.5536586478651679
     0.074101562499999996       1.5256409732369574
     0.074179687500000008        1.501880594734845
     0.074257812500000006       1.4835702207057573
     0.074335937500000004        1.471888304880181
     0.074414062500000003       1.4663043536800604
     0.074492187500000001       1.4637336729172565
     0.074570312499999999       1.4597630334421574
     0.074648437499999998       1.4512146781298572
     0.074726562499999996       1.4378521689244157
     0.074804687500000008       1.4211267265853549
     0.074882812500000007       1.4024261582230941
     0.074960937500000005       1.3827912748223039
     0.075039062500000003       1.3632616841561009
     0.075117187500000002       1.3455542046455509
             0.0751953125       1.3313534829779889
     0.075273437499999998       1.3210154437977908
     0.075351562499999997       1.3134132294276379
     0.075429687499999995       1.3075488910400352
     0.075507812500000007       1.3037377322868531
     0.075585937500000006       1.3069749595910451
     0.075664062500000004       1.3320162569629981
     0.075742187500000002       1.3722518592378239
     0.075820312500000001       1.4000183809342828
     0.075898437499999999       1.4040047744174824
     0.075976562499999997       1.3972854018753522
     0.076054687499999996        1.387881892161855
     0.076132812500000008       1.3777245491715724
     0.076210937500000006       1.3677971271673031
     0.076289062500000004       1.3586632300725316
     0.076367187500000003       1.3508969430234852
     0.076445312500000001       1.3449025805531438
     0.076523437499999999       1.3413536265532666
     0.076601562499999998       1.3408623943352205
     0.076679687499999996       1.3426579628188184
     0.076757812500000008       1.3452256181495135
     0.076835937500000007       1.3475960181168136
     0.076914062500000005       1.3499640783718143
     0.076992187500000003       1.3529177595303259
     0.077070312500000002       1.3563648625971034
             0.0771484375       1.3596890951781966
     0.077226562499999998       1.3628187376740775
     0.077304687499999997       1.3668504169625539
     0.077382812499999995       1.3734479559849084
     0.077460937500000007       1.3834292756947952
     0.077539062500000006       1.3954755800685998
     0.077617187500000004       1.4067875032275499
     0.077695312500000002       1.4132089099432095
     0.077773437500000001       1.4058561427050373
     0.077851562499999999       1.3896413362683837
     0.077929687499999997       1.3784815036035734
     0.078007812499999996        1.377635297852787
     0.078085937500000008       1.3815594395459978
     0.078164062500000006       1.3872563374189264
     0.078242187500000004       1.3926169362049821
     0.078320312500000003       1.3973338215317301
     0.078398437500000001       1.4028631424008111
     0.078476562499999999       1.4110590050455922
     0.078554687499999998       1.4229585578866168
     0.078632812499999996       1.4384979657712285
     0.078710937500000008       1.4574266784771635
     0.078789062500000007        1.479815212860913
     0.078867187500000005       1.5057255996429224
     0.078945312500000003        1.536129829395446
     0.079023437500000002       1.5716459551448421
             0.0791015625       1.6110422386722896
     0.079179687499999998       1.6523515937253539
     0.079257812499999997       1.6941585636715613
     0.079335937499999995       1.7336220812276242
     0.079414062500000007        1.764316990840914
     0.079492187500000006       1.7786635539401883
     0.079570312500000004       1.7781945178841383
     0.079648437500000002       1.7766598034372281
     0.079726562500000001       1.7993766637550954
     0.079804687499999999       1.9057292411150453
     0.079882812499999997       2.1959482134382462
     0.079960937499999996       2.5384554851757986
     0.080039062500000008       2.5781467561113471
     0.080117187500000006       2.1509817373659965
     0.080195312500000004       1.7328500505704578
     0.080273437500000003       1.6372772347085911
     0.080351562500000001       1.6309391958076145
     0.080429687499999999       1.6241349155879203
     0.080507812499999998       1.6127889542424534
     0.080585937499999996       1.5950309900777166
     0.080664062500000008       1.5688672184954362
     0.080742187500000007       1.5373898294467874
     0.080820312500000005       1.5061255868892991
     0.080898437500000003       1.4829999133449028
     0.080976562500000002       1.4723538074525286
             0.0810546875       1.4731552991356822
     0.081132812499999998       1.4799618253372788
     0.081210937499999997       1.4891949443179122
     0.081289062499999995       1.5049487566923219
     0.081367187500000007       1.5385209668494397
     0.081445312500000006       1.6002615914679537
     0.081523437500000004       1.6784362243486339
     0.081601562500000002       1.7304751028886516
     0.081679687500000001       1.7026757218814708
     0.081757812499999999        1.600691921382511
     0.081835937499999997        1.498874146602734
     0.081914062499999996       1.4447319894819759
     0.081992187500000008       1.4207932490876616
     0.082070312500000006       1.4023986134112849
     0.082148437500000004       1.3860140929143898
     0.082226562500000003       1.3741688080172287
     0.082304687500000001       1.3664634800401116
     0.082382812499999999       1.3609048976850222
     0.082460937499999998       1.3570713373149363
     0.082539062499999996       1.3559326489068504
     0.082617187500000008       1.3583195008693203
     0.082695312500000007       1.3639275677446872
     0.082773437500000005       1.3716202548516698
     0.082851562500000003       1.3803568845081458
     0.082929687500000002       1.3898219477952785
             0.0830078125       1.4001668491836041
     0.083085937499999998       1.4111260569456363
     0.083164062499999997       1.4217449508649185
     0.083242187499999995       1.4319225514910228
     0.083320312500000007       1.4450020465392279
     0.083398437500000006       1.4694486254331842
     0.083476562500000004        1.509826919139454
     0.083554687500000002       1.5517267889346522
     0.083632812500000001       1.5656309683848406
     0.083710937499999999       1.5318313295927404
     0.083789062499999997       1.4792147317918292
     0.083867187499999996       1.4482160705311224
     0.083945312500000008       1.4416229619725605
     0.084023437500000006       1.4382535950622817
     0.084101562500000004       1.4341284405183832
     0.084179687500000003       1.4325481568447418
     0.084257812500000001       1.4334987326288098
     0.084335937499999999       1.4334905410050314
     0.084414062499999998       1.4302940311446866
     0.084492187499999996       1.4082032046486366
     0.084570312500000008       1.3694426932843862
     0.084648437500000007        1.338624136330969
     0.084726562500000005       1.3266974826444229
     0.084804687500000003       1.3238989411928594
     0.084882812500000002       1.3233274239358261
             0.0849609375       1.3239691006169736
     0.085078125000000004       1.3282130576244182
     0.085234375000000001       1.3366557485560671
     0.085390624999999998       1.3480086076166704
     0.085546875000000008       1.3632105595770989
     0.085703125000000005       1.3821636217533979
     0.085859375000000002       1.4010209152043969
     0.086015624999999998       1.4139929484076124
     0.086171874999999995       1.4167647740502944
     0.086328125000000006       1.4089482501969997
     0.086484375000000002       1.3929889795348671
     0.086640624999999999       1.3730521359180787
     0.086796874999999996       1.3543151471757666
     0.086953125000000006        1.342341007315516
     0.087109375000000003       1.3416103325035966
     0.087265624999999999       1.3533417712751092
     0.087421874999999996       1.3729148564685878
     0.087578125000000007       1.3902243418122009
     0.087734375000000003       1.3946837653105131
              0.087890625       1.3847451425945132
     0.088046874999999997       1.3702086953781876
     0.088203125000000007       1.3606569848385026
     0.088359375000000004       1.3580933158673363
     0.088515625000000001       1.3580932055598121
     0.088671874999999997       1.3557482321543934
     0.088828125000000008       1.3435199284830275
     0.088984375000000004       1.3232058836764584
     0.089140625000000001       1.3043154180717103
     0.089296874999999998       1.2928865297323755
     0.089453125000000008       1.2894727245171245
     0.089609375000000005       1.2903018095604251
     0.089765625000000002       1.2923084005406094
     0.089921874999999998       1.2944920295524258
     0.090156250000000007       1.2969003731394888
     0.090468750000000001       1.3017453030014603
     0.090781250000000008       1.3069000019707759
     0.091093750000000001       1.3118409913826348
     0.091406250000000008       1.3141057744102289
     0.091718750000000002       1.3115052481555503
     0.092031249999999995       1.3104723902404125
     0.092343750000000002       1.3175652622930802
     0.092656249999999996       1.3326049139529512
     0.092968750000000003       1.3465283199763323
     0.093281249999999996       1.3486107751594862
     0.093593750000000003       1.3291314465763948
     0.093906249999999997       1.2981223103921666
     0.094218750000000004       1.2761705268905736
     0.094531249999999997       1.2744316825279642
     0.094843750000000004       1.2852985923439264
     0.095156249999999998       1.2987103667496116
     0.095468750000000005       1.3049776653447842
     0.095781249999999998       1.3004915018256578
     0.096093750000000006       1.2921175594941496
     0.096406249999999999       1.2892165692035931
     0.096718750000000006       1.2936611191471341
     0.097031249999999999       1.2992031467436955
     0.097343750000000007       1.3016281392018327
               0.09765625         1.30305970271717
     0.097968750000000007       1.3046786869159286
     0.098281250000000001        1.308464633693045
     0.098593750000000008       1.3210895277756691
     0.098906250000000001       1.3357292671573828
     0.099218750000000008        1.336608962442869
     0.099531250000000002       1.3050388138830213
     0.099843750000000009        1.263523443715163
                0.1003125       1.2560514354568049
                0.1009375       1.2398313687909215
                0.1015625       1.2106725571257977
                0.1021875        1.185322540617247
                0.1028125       1.1828539834846579
                0.1034375       1.1904815796232908
                0.1040625       1.2016290708462156
                0.1046875       1.2163360863166888
                0.1053125       1.2328522063572915
                0.1059375       1.2430258062670323
                0.1065625        1.237243059207626
                0.1071875       1.2187196811267842
      0.10781250000000001       1.2014910339294076
      0.10843750000000001       1.1943536742285399
      0.10906250000000001       1.1938863073670192
      0.10968750000000001       1.1953768270698042
      0.11031250000000001       1.1981938264232512
      0.11093750000000001       1.2025167125087255
      0.11156250000000001       1.2091231857083413
                0.1121875       1.2187344058059972
                0.1128125       1.2299259680031305
                0.1134375       1.2375885789125922
                0.1140625       1.2339001209369036
                0.1146875       1.2170315625688441
                0.1153125       1.1990466296568028
                0.1159375       1.1911275777933488
                0.1165625        1.190322749096256
                0.1171875       1.1902417771924074
                0.1178125       1.1900856858668554
                0.1184375        1.189009253706625
                0.1190625       1.1862217037055329
                0.1196875       1.1827447203861896
                0.1203125       1.1799403371845603
                0.1209375       1.1785231424823499
                0.1215625       1.1784968651315695
                0.1221875       1.1794484743297862
                0.1228125       1.1809441015593942
      0.12343750000000001       1.1825535011058828
      0.12406250000000001       1.1838602698827789
      0.12468750000000001       1.1846326853482598
      0.12531249999999999       1.1850474030038889
      0.12593750000000001       1.1855208824542913
      0.12656249999999999       1.1865732949729699
      0.12718750000000001       1.1883665500733853
                0.1278125       1.1902127453282714
      0.12843750000000001       1.1911658636133875
                0.1290625       1.1907483812906132
      0.12968750000000001       1.1894352709616949
                0.1303125       1.1881571028165023
      0.13093750000000001       1.1877844923004395
                0.1315625       1.1888006249362271
      0.13218750000000001       1.1908796363297958
                0.1328125       1.1929334698587755
      0.13343750000000001       1.1939316169074135
                0.1340625       1.1940341347894712
      0.13468750000000002       1.1939401814286676
                0.1353125       1.1938278761354095
      0.13593750000000002       1.1938681186196511
                0.1365625        1.194223056216853
      0.13718749999999999       1.1948413652781189
                0.1378125       1.1954543770669372
      0.13843749999999999       1.1957862300031989
      0.13906250000000001       1.1957131853031522
      0.13968749999999999       1.1953388286852824
      0.14031250000000001       1.1948810772235361
      0.14093749999999999       1.1945519495284778
      0.14156250000000001       1.1944656549922934
      0.14218749999999999       1.1945410603851787
      0.14281250000000001       1.1946569401737799
                0.1434375       1.1947931683914661
      0.14406250000000001       1.1949708315323451
                0.1446875       1.1952548443543836
      0.14531250000000001       1.1957103817595993
                0.1459375       1.1963347224410468
      0.14656250000000001       1.1970463663979096
                0.1471875       1.1977264275436164
      0.14781250000000001       1.1982812363531556
                0.1484375        1.198688943549054
      0.14906250000000001       1.1990009317558181
                0.1496875       1.1992933659500136
      0.15031250000000002       1.1996092374154832
                0.1509375       1.1999380086446827
      0.15156250000000002       1.2002397685176835
                0.1521875       1.2004849764354826
      0.15281249999999999       1.2006691015698145
                0.1534375       1.2007911355784391
      0.15406249999999999        1.200823135319478
      0.15468750000000001       1.2006399477957954
      0.15531249999999999       1.1994744006434179
      0.15593750000000001       1.1948794498696191
      0.15656249999999999       1.1873602672724417
      0.15718750000000001       1.1805852579182801
      0.15781249999999999       1.1772885460094349
      0.15843750000000001       1.1766144416293156
                0.1590625       1.1764679817908854
      0.15968750000000001       1.1764281918220612
                0.1603125       1.1764170836745969
      0.16093750000000001        1.176413967792415
                0.1615625       1.1764130995673558
      0.16218750000000001       1.1764128598742203
                0.1628125       1.1764127943164489
      0.16343750000000001        1.176412776544872
                0.1640625        1.176412771768329
      0.16468750000000001       1.1764127704946814
                0.1653125       1.1764127701577254
      0.16593750000000002       1.1764127700692193
                0.1665625       1.1764127700461471
      0.16718750000000002       1.1764127700401685
                0.1678125       1.1764127700386338
      0.16843749999999999       1.1764127700382463
                0.1690625       1.1764127700381437
      0.16968749999999999       1.1764127700381195
      0.17031250000000001       1.1764127700381135
      0.17093749999999999       1.1764127700381128
      0.17156250000000001       1.1764127700381128
      0.17218749999999999       1.1764127700381128
      0.17281250000000001       1.1764127700381128
      0.17343749999999999       1.1764127700381128
      0.17406250000000001       1.1764127700381133
                0.1746875       1.1764127700381128
      0.17531250000000001       1.1764127700381128
                0.1759375        1.176412770038112
      0.17656250000000001       1.1764127700381124
                0.1771875       1.1764127700381128
      0.17781250000000001       1.1764127700381128
                0.1784375       1.1764127700381133
      0.17906250000000001       1.1764127700381133
                0.1796875       1.1764127700381133
      0.18031250000000001       1.1764127700381128
                0.1809375       1.1764127700381133
      0.18156250000000002       1.1764127700381133
                0.1821875       1.1764127700381128
      0.18281250000000002       1.1764127700381128
                0.1834375       1.1764127700381128
      0.18406249999999999       1.1764127700381128
                0.1846875       1.1764127700381128
      0.18531249999999999       1.1764127700381128
      0.18593750000000001       1.1764127700381128
      0.18656249999999999       1.1764127700381128
      0.18718750000000001       1.1764127700381135
      0.18781249999999999       1.1764127700381142
      0.18843750000000001       1.1764127700381142
      0.18906249999999999        1.176412770038114
      0.18968750000000001       1.1764127700381133
                0.1903125       1.1764127700381128
      0.19093750000000001       1.1764127700381126
                0.1915625       1.1764127700381128
      0.19218750000000001       1.1764127700381128
                0.1928125       1.1764127700381133
      0.19343750000000001       1.1764127700381128
                0.1940625        1.176412770038112
      0.19468750000000001       1.1764127700381122
                0.1953125       1.1764127700381128
      0.19593750000000001       1.1764127700381128
                0.1965625       1.1764127700381128
      0.19718750000000002       1.1764127700381128
                0.1978125       1.1764127700381126
      0.19843750000000002       1.1764127700381126
                0.1990625       1.1764127700381128
      0.19968750000000002       1.1764127700381128
                0.2003125       1.1764127700381128
      0.20093749999999999       1.1764127700381128
      0.20156250000000001       1.1764127700381128
      0.20218749999999999       1.1764127700381126
      0.20281250000000001        1.176412770038112
      0.20343749999999999        1.176412770038112
      0.20406250000000001       1.1764127700381115
      0.20468749999999999       1.1764127700381115
      0.20531250000000001       1.1764127700381113
                0.2059375       1.1764127700381106
      0.20656250000000001       1.1764127700381113
                0.2071875        1.176412770038112
      0.20781250000000001       1.1764127700381115
                0.2084375        1.176412770038112
      0.20906250000000001        1.176412770038112
                0.2096875        1.176412770038112
      0.21031250000000001        1.176412770038112
                0.2109375        1.176412770038112
      0.21156250000000001        1.176412770038112
                0.2121875        1.176412770038112
      0.21281250000000002       1.1764127700381126
                0.2134375       1.1764127700381135
      0.21406250000000002       1.1764127700381142
                0.2146875        1.176412770038114
      0.21531250000000002       1.1764127700381128
                0.2159375       1.1764127700381128
      0.21656249999999999       1.1764127700381133
      0.21718750000000001       1.1764127700381133
      0.21781249999999999       1.1764127700381133
      0.21843750000000001       1.1764127700381133
      0.21906249999999999       1.1764127700381133
      0.21968750000000001       1.1764127700381133
      0.22031249999999999       1.1764127700381128
      0.22093750000000001       1.1764127700381133
                0.2215625       1.1764127700381133
      0.22218750000000001       1.1764127700381133
                0.2228125       1.1764127700381133
      0.22343750000000001       1.1764127700381133
                0.2240625       1.1764127700381133
      0.22468750000000001       1.1764127700381128
                0.2253125       1.1764127700381128
      0.22593750000000001       1.1764127700381128
                0.2265625       1.1764127700381133
      0.22718750000000001       1.1764127700381133
                0.2278125       1.1764127700381133
      0.22843750000000002       1.1764127700381133
                0.2290625       1.1764127700381128
      0.22968750000000002       1.1764127700381128
                0.2303125       1.1764127700381128
      0.23093750000000002       1.1764127700381128
                0.2315625       1.1764127700381133
      0.23218749999999999       1.1764127700381133
      0.23281250000000001       1.1764127700381133
      0.23343749999999999       1.1764127700381133
      0.23406250000000001       1.1764127700381133
      0.23468749999999999       1.1764127700381133
      0.23531250000000001       1.1764127700381133
      0.23593749999999999       1.1764127700381133
      0.23656250000000001        1.176412770038114
                0.2371875       1.1764127700381128
      0.23781250000000001       1.1764127700381128
                0.2384375       1.1764127700381133
      0.23906250000000001       1.1764127700381133
                0.2396875       1.1764127700381133
