# 1-d slice in y-direction, file: /shared/solver_ab/run_old/plot/plt09727
# time =               0.0018
#                       y                  Density
   3.9062500000000001e-05       2.0343660026882118
             0.0001171875       2.0341472838531582
   0.00019531250000000001       2.0333376066414353
   0.00027343750000000003       2.0314377749982939
   0.00035156249999999999       2.0282721425531922
             0.0004296875       2.0238987492808294
   0.00050781250000000002       2.0184503508307716
   0.00058593749999999998       2.0120489881301271
   0.00066406250000000005       2.0047788772473645
   0.00074218750000000001       1.9966907362514017
   0.00082031249999999997       1.9878155685829146
   0.00089843750000000004       1.9781763244158506
             0.0009765625       1.9677943864201197
    0.0010546875000000001       1.9566920173834186
    0.0011328124999999999        1.944892761231551
             0.0012109375       1.9324211904101591
    0.0012890625000000001       1.9193026227746683
    0.0013671875000000001       1.9055629586046392
             0.0014453125       1.8912286067337587
    0.0015234375000000001       1.8763264442890308
    0.0016015625000000001        1.860883775815152
             0.0016796875       1.8449282788126107
             0.0017578125       1.8284879355323174
    0.0018359375000000001       1.8115909551072971
             0.0019140625       1.7942656905849421
             0.0019921875       1.7765405545738306
    0.0020703125000000001       1.7584439360817996
    0.0021484375000000002       1.7400041200881449
    0.0022265625000000002       1.7212492105851285
    0.0023046874999999999        1.702207057269151
    0.0023828124999999999       1.6829051857655384
             0.0024609375       1.6633707311834667
    0.0025390625000000001       1.6436303748607102
    0.0026171875000000002       1.6237102843063835
    0.0026953125000000002       1.6036360564225705
    0.0027734374999999999       1.5834326642816612
    0.0028515624999999999       1.5631244077399669
             0.0029296875       1.5427348681936059
    0.0030078125000000001       1.5222868677789174
    0.0030859375000000001        1.501802433274241
    0.0031640625000000002       1.4813027648954098
    0.0032421875000000003       1.4608082101001745
    0.0033203124999999999       1.4403382424476909
             0.0033984375       1.4199114454547854
    0.0034765625000000001       1.3995455013578673
    0.0035546875000000001       1.3792571846035948
    0.0036328125000000002       1.3590623598431479
    0.0037109375000000003       1.3389759841659747
    0.0037890624999999999       1.3190121132774939
             0.0038671875       1.2991839113053729
             0.0039453125        1.279503663906588
    0.0040234375000000001       1.2599827943423805
    0.0041015625000000002       1.2406318821931188
    0.0041796875000000002        1.221460684395212
    0.0042578125000000003       1.2024781582955149
    0.0043359375000000004       1.1836924864341984
    0.0044140625000000005       1.1651111027836003
    0.0044921875000000005       1.1467407201863704
    0.0045703124999999997       1.1285873587503066
    0.0046484374999999998       1.1106563749694462
    0.0047265624999999999       1.0929524913517252
    0.0048046874999999999       1.0754798263434144
             0.0048828125       1.0582419243507883
    0.0049609375000000001       1.0412417856710019
    0.0050390625000000001       1.0244818961603135
    0.0051171875000000002       1.0079642564900018
    0.0051953125000000003      0.99169041087220366
    0.0052734375000000003      0.97566147517134971
    0.0053515625000000004      0.95987816434929873
    0.0054296875000000005      0.94434081921710655
    0.0055078124999999997      0.92904943246869676
    0.0055859374999999998      0.91400367395643811
    0.0056640624999999998      0.89920291514496298
    0.0057421874999999999       0.8846462526550849
             0.0058203125      0.87033253079635309
             0.0058984375      0.85626036298574992
    0.0059765625000000001      0.84242815196943588
    0.0060546875000000002      0.82883410879254549
    0.0061328125000000002      0.81547627051266847
    0.0062109375000000003      0.80235251670136831
    0.0062890625000000004      0.78946058485580473
    0.0063671875000000005      0.77679808490942137
    0.0064453125000000005      0.76436251311440695
    0.0065234374999999997       0.7521512655442657
    0.0066015624999999998      0.74016165155427205
    0.0066796874999999999      0.72839090726457589
    0.0067578124999999999      0.71683620906662193
             0.0068359375      0.70549468670696658
    0.0069140625000000001        0.694363435667113
    0.0069921875000000001      0.68343952800772445
    0.0070703125000000002      0.67272002117546859
    0.0071484375000000003      0.66220196404873721
    0.0072265625000000003      0.65188240085990778
    0.0073046875000000004      0.64175837556170456
    0.0073828125000000005      0.63182693750897068
    0.0074609375000000006      0.62208515360244476
    0.0075390624999999998      0.61253011924738476
    0.0076171874999999998       0.6031589891582233
    0.0076953124999999999      0.59396899978025386
             0.0077734375       0.5849575516590596
    0.0078515625000000009      0.57612222674383451
     0.007929687500000001      0.56746092137751025
    0.0080078124999999993      0.55897172044382848
    0.0080859374999999994      0.55065317183713935
    0.0081640624999999994      0.54250374781288135
    0.0082421874999999995      0.53452250085260955
    0.0083203124999999996      0.52670725625397763
    0.0083984374999999997      0.51905566081108323
    0.0084765624999999997        0.511562061730791
    0.0085546874999999998      0.50421960164048962
    0.0086328124999999999      0.49701640988575546
    0.0087109374999999999       0.4899396937604597
             0.0087890625      0.48296469792591645
    0.0088671875000000001      0.47606695974879365
    0.0089453125000000001      0.46918855841659329
    0.0090234375000000002       0.4623280586201754
    0.0091015625000000003      0.45553374858057227
    0.0091796875000000003      0.44903709767531552
    0.0092578125000000004      0.44344136153320307
    0.0093359375000000005      0.44415973988335727
    0.0094140625000000006      0.50821539490866019
    0.0094921875000000006       1.0011214418732992
    0.0095703125000000007       1.5808986702225309
    0.0096484375000000008       1.7075975557878575
    0.0097265625000000008       1.5945191350858754
    0.0098046875000000009       1.5493866746161158
     0.009882812500000001        1.549307313163228
     0.009960937500000001       1.5499968532615351
     0.010039062499999999       1.5473069634636809
     0.010117187499999999       1.5468029150505034
             0.0101953125       1.5544378340767777
             0.0102734375       1.5768268399872487
             0.0103515625        1.616219771351421
             0.0104296875       1.6653158082188928
             0.0105078125        1.711659508160311
             0.0105859375       1.7450187956606251
             0.0106640625       1.7630090894145301
             0.0107421875       1.7647600502102201
             0.0108203125       1.7551706634811255
             0.0108984375       1.7434495461707813
             0.0109765625       1.7385807111300213
             0.0110546875       1.7451013516025593
             0.0111328125       1.7604994939380094
             0.0112109375       1.7779899525658531
             0.0112890625        1.791649226771757
     0.011367187500000001       1.8009060776435135
     0.011445312500000001       1.8091595743091196
     0.011523437500000001       1.8188625032908909
     0.011601562500000001       1.8293516409915342
     0.011679687500000001       1.8347181426870083
     0.011757812500000001       1.8343497913738187
     0.011835937500000001       1.8298349463603398
     0.011914062500000001       1.8234099004335365
     0.011992187500000001       1.8146729829464294
     0.012070312499999999         1.80382519330921
             0.0121484375        1.792105572512809
             0.0122265625       1.7803018059153368
             0.0123046875       1.7703770191689254
             0.0123828125       1.7648081364719435
             0.0124609375       1.7621736338268883
             0.0125390625       1.7589150728207628
             0.0126171875       1.7541199918244108
             0.0126953125       1.7518260723002477
             0.0127734375       1.7656447984005963
             0.0128515625       1.8861966648295332
             0.0129296875       2.1838058378310872
             0.0130078125       2.3865971576462797
             0.0130859375       2.3431171667576258
             0.0131640625        2.193562800665851
             0.0132421875       2.0583753581625919
     0.013320312500000001       1.9694171365110458
     0.013398437500000001       1.9172929072318772
     0.013476562500000001       1.8860727908308352
     0.013554687500000001       1.8634915805019152
     0.013632812500000001       1.8449891191607535
     0.013710937500000001       1.8285566063958525
     0.013789062500000001       1.8130497646210963
     0.013867187500000001       1.7982086267798794
     0.013945312500000001       1.7846854528644265
     0.014023437499999999       1.7726247716713064
             0.0141015625       1.7616287293371879
             0.0141796875       1.7512151485930401
             0.0142578125       1.7413159335101713
             0.0143359375       1.7312601535054533
             0.0144140625       1.7200297777092188
             0.0144921875       1.7075190166253102
             0.0145703125       1.6952269888700489
             0.0146484375       1.6859236236272028
             0.0147265625       1.6860102721042611
             0.0148046875       1.7167655872289147
             0.0148828125       1.7944556035256614
             0.0149609375       1.8840040096289949
             0.0150390625        1.925205312819037
             0.0151171875       1.8998327092660126
             0.0151953125       1.8373447189919643
     0.015273437500000001       1.7699740314256474
     0.015351562500000001       1.7128165103432111
     0.015429687500000001        1.669302883089923
     0.015507812500000001       1.6362745228912701
     0.015585937500000001       1.6091200009808753
     0.015664062499999999       1.5847326039333178
     0.015742187500000001       1.5616489506665288
     0.015820312499999999       1.5395028329777425
     0.015898437500000001       1.5191158751743132
     0.015976562499999999       1.5015078098038388
     0.016054687500000001       1.4879269774566197
             0.0161328125       1.4792606792468346
     0.016210937500000001       1.4761878338995942
             0.0162890625       1.4791852440517688
     0.016367187500000002       1.4865621337036565
             0.0164453125       1.4950893132809362
     0.016523437500000002       1.5020343489617611
             0.0166015625       1.5056173526295813
     0.016679687500000002       1.5042709571741635
             0.0167578125       1.4967866057051047
     0.016835937500000002       1.4835289385032129
             0.0169140625       1.4658414785250864
     0.016992187500000002        1.445439243595402
             0.0170703125       1.4234505042902168
     0.017148437499999999       1.4004852165329293
     0.017226562500000001       1.3768382015485023
     0.017304687499999999       1.3527607897168272
     0.017382812500000001       1.3286317145380608
     0.017460937499999999       1.3049235224487949
     0.017539062500000001       1.2820769760155526
     0.017617187499999999       1.2602670266653904
     0.017695312500000001       1.2392868741219285
     0.017773437499999999       1.2187227225604322
     0.017851562500000001       1.1982691533935401
     0.017929687499999999       1.1779225009046903
     0.018007812500000001        1.157966931040153
             0.0180859375       1.1388301411659414
     0.018164062500000001       1.1208053745131956
             0.0182421875       1.1038765918311646
     0.018320312500000002       1.0877355550574666
             0.0183984375       1.0719580964859854
     0.018476562500000002       1.0562200233337458
             0.0185546875        1.040410936157443
     0.018632812500000002       1.0246012159877114
             0.0187109375       1.0089404557219286
     0.018789062500000002      0.99359747447616753
             0.0188671875      0.97870777058771796
     0.018945312500000002      0.96429958492890167
             0.0190234375      0.95030291617954044
     0.019101562499999999      0.93659007823917573
     0.019179687500000001      0.92300340970079175
     0.019257812499999999      0.90940459990125522
     0.019335937500000001      0.89572987101226054
     0.019414062499999999      0.88202770417867726
     0.019492187500000001       0.8684482274612455
     0.019570312499999999      0.85517482582257476
     0.019648437500000001      0.84234086508790063
     0.019726562499999999      0.82996992254549584
     0.019804687500000001      0.81796706681063802
     0.019882812499999999       0.8061716368819245
     0.019960937500000001      0.79443878474461749
             0.0200390625      0.78270416120610853
     0.020117187500000001      0.77100582399963213
             0.0201953125      0.75944507738867206
     0.020273437500000002      0.74810979523397902
             0.0203515625      0.73702138974649212
     0.020429687500000002      0.72614119648785769
             0.0205078125      0.71541550601068715
     0.020585937500000002      0.70482187275130548
             0.0206640625       0.6943894677550595
     0.020742187500000002      0.68418318264856359
             0.0208203125      0.67426207661838544
     0.020898437500000002      0.66463747507839122
             0.0209765625      0.65526113875220449
     0.021054687499999999      0.64605720146809442
     0.021132812500000001      0.63697180115058394
     0.021210937499999999       0.6279985141252501
     0.021289062500000001      0.61915297017966886
     0.021367187499999999      0.61044321274610724
     0.021445312500000001      0.60192041771567351
     0.021523437499999999      0.59363824651706798
     0.021601562500000001      0.58559780004827466
     0.021679687499999999      0.57775340991309221
     0.021757812500000001      0.57004474758485257
     0.021835937499999999      0.56243905448975839
     0.021914062500000001      0.55496127409570739
             0.0219921875      0.54766905428186985
     0.022070312500000001       0.5406691643872571
             0.0221484375      0.53394795407374862
     0.022226562500000002      0.52767010681926718
             0.0223046875      0.52173259844685904
     0.022382812500000002      0.51583193063449784
             0.0224609375      0.50954620047830512
     0.022539062500000002      0.50753056647337236
             0.0226171875      0.54480133708934986
     0.022695312500000002      0.81120009742970189
             0.0227734375       1.1302245076020554
     0.022851562500000002       1.2320864052862688
             0.0229296875       1.2536642883851341
     0.023007812499999999       1.2794734848228693
     0.023085937500000001       1.3050547441018678
     0.023164062499999999       1.3287805096035046
     0.023242187500000001       1.3536394207380134
     0.023320312499999999       1.3783504124535793
     0.023398437500000001       1.4003701604988024
     0.023476562499999999       1.4175449501931465
     0.023554687500000001       1.4286254680261874
     0.023632812499999999       1.4335200612815897
     0.023710937500000001       1.4330340420385594
     0.023789062499999999        1.428337008981645
     0.023867187500000001       1.4200236495504615
             0.0239453125       1.4082751919478509
     0.024023437500000001       1.3937358036536078
             0.0241015625       1.3776530537305669
     0.024179687500000002       1.3616361298993607
             0.0242578125       1.3470755510353642
     0.024335937500000002       1.3346921679676769
             0.0244140625        1.324651930445137
     0.024492187500000002       1.3165670364217823
             0.0245703125       1.3101932074735616
     0.024648437500000002       1.3062978898693676
             0.0247265625       1.3060365589281051
     0.024804687500000002       1.3098188264337534
             0.0248828125        1.317491013573981
     0.024960937500000002       1.3287775059378821
     0.025039062500000001        1.343446996053566
     0.025117187499999999       1.3611962879264845
     0.025195312500000001       1.3814342152047316
     0.025273437499999999       1.4032299634783911
     0.025351562500000001       1.4255883374304092
     0.025429687499999999       1.4479294328193757
     0.025507812500000001       1.4707939197116193
     0.025585937499999999       1.4964370802923732
     0.025664062500000001       1.5274262233620604
     0.025742187499999999       1.5644393517212241
     0.025820312500000001       1.6056112028866862
             0.0258984375       1.6475722982031356
     0.025976562500000001       1.6869676155664657
             0.0260546875       1.7230811679566607
     0.026132812500000002       1.7560168466135457
             0.0262109375       1.7865485579232685
     0.026289062500000002       1.8157610407344849
             0.0263671875       1.8446889283447583
     0.026445312500000002         1.87408378509984
             0.0265234375       1.9040780239050554
     0.026601562500000002       1.9341541458137075
             0.0266796875       1.9635002106954627
     0.026757812500000002       1.9914438496880802
             0.0268359375       2.0176745317380007
     0.026914062500000002       2.0421106339383699
     0.026992187500000001       2.0645386492774103
     0.027070312499999999       2.0843437796893238
     0.027148437500000001       2.1006772985070374
     0.027226562499999999       2.1128604579589867
     0.027304687500000001        2.120572857534829
     0.027382812499999999       2.1240608391972016
     0.027460937500000001       2.1241754343914261
     0.027539062499999999       2.1221551396739136
     0.027617187500000001        2.119195069284348
     0.027695312499999999        2.115993683130474
     0.027773437500000001       2.1127365196564223
             0.0278515625       2.1093387756727044
     0.027929687500000001       2.1057240463063733
             0.0280078125         2.10205620817284
     0.028085937500000002       2.0988224885318383
             0.0281640625       2.0966870955117654
     0.028242187500000002       2.0960253569942449
             0.0283203125       2.0963315379918721
     0.028398437500000002       2.0968654281063839
             0.0284765625       2.0983035203727685
     0.028554687500000002       2.1044366890595749
             0.0286328125       2.1502900600351462
     0.028710937500000002       2.3433383505192378
             0.0287890625       2.5588292533640002
     0.028867187500000002       2.6205700218217944
     0.028945312500000001       2.5833952566788208
     0.029023437499999999       2.5249558403721801
     0.029101562500000001       2.4683458776940399
     0.029179687499999999       2.4209046418902598
     0.029257812500000001       2.3774216335324541
     0.029335937499999999       2.3323654438481416
     0.029414062500000001       2.2861554385986449
     0.029492187499999999       2.2419688208195909
     0.029570312500000001        2.201299553876257
     0.029648437499999999       2.1636707776218649
     0.029726562500000001       2.1279448557327338
             0.0298046875       2.0920607902922947
     0.029882812500000001       2.0550157734939338
             0.0299609375       2.0163985084640967
     0.030039062500000002       1.9765961844658748
             0.0301171875       1.9365877588989306
     0.030195312500000002       1.8974642758099347
             0.0302734375       1.8600251389315499
     0.030351562500000002       1.8246259842924903
             0.0304296875       1.7911752183559881
     0.030507812500000002       1.7593821744434028
             0.0305859375       1.7289289273397035
     0.030664062500000002       1.6995728541552069
             0.0307421875       1.6711817319604538
     0.030820312500000002       1.6436318476112424
     0.030898437500000001       1.6166819376531179
     0.030976562500000002       1.5902420093109051
     0.031054687500000001       1.5642863908940314
     0.031132812499999999       1.5389055726451131
     0.031210937500000001       1.5143335879299735
     0.031289062499999999       1.4907989418308096
     0.031367187499999998       1.4684320758763934
     0.031445312500000003       1.4472653490647556
     0.031523437500000001       1.4270721239170816
     0.031601562499999999       1.4077652036020243
     0.031679687499999998       1.3892656468687286
     0.031757812500000003       1.3713980648561688
     0.031835937500000001       1.3538558504365226
             0.0319140625        1.336331163388004
     0.031992187499999998       1.3186542751715526
     0.032070312500000003       1.3007611889985846
     0.032148437500000002       1.2827037339610976
             0.0322265625       1.2646193112294701
     0.032304687499999998       1.2466623696348387
     0.032382812500000004       1.2290286926203899
     0.032460937500000002       1.2119359674616645
             0.0325390625       1.1956057085706526
     0.032617187499999999       1.1803286173062688
     0.032695312500000004       1.1665261299150915
     0.032773437500000002       1.1545572462024176
     0.032851562500000001       1.1443999641312459
     0.032929687499999999       1.1354054862045395
     0.033007812499999997       1.1263274362907687
     0.033085937500000002       1.1155576400686407
     0.033164062500000001       1.1016304120738112
     0.033242187499999999       1.0841398798698374
     0.033320312499999998       1.0643368277057439
     0.033398437500000003       1.0444658050912192
     0.033476562500000001       1.0265761482086995
     0.033554687499999999       1.0117511434102753
     0.033632812499999998       0.9998474079958295
     0.033710937500000003      0.99000143667657259
     0.033789062500000001      0.98144315960124873
             0.0338671875      0.97346595194978636
     0.033945312499999998      0.96555528050636841
     0.034023437500000003       0.9573562900278153
     0.034101562500000002      0.94863804481629876
             0.0341796875       0.9394369973393959
     0.034257812499999998      0.93000469661392837
     0.034335937500000004      0.92080860379333296
     0.034414062500000002      0.91241139133948057
             0.0344921875      0.90534277569001909
     0.034570312499999999      0.89997274745575595
     0.034648437500000004       0.8964420322630382
     0.034726562500000002      0.89464477788002095
     0.034804687500000001      0.89424578175894376
     0.034882812499999999      0.89465583523726877
     0.034960937500000004      0.89502185032125336
     0.035039062500000002      0.89436356760847868
     0.035117187500000001      0.89200896182326428
     0.035195312499999999      0.88797275224192906
     0.035273437499999998      0.88260362329153663
     0.035351562500000003      0.87597774509006765
     0.035429687500000001      0.86825366461160081
     0.035507812499999999      0.85984440972677323
     0.035585937499999998      0.85112212307643376
     0.035664062500000003      0.84227169236137678
     0.035742187500000001      0.83338041871452251
             0.0358203125      0.82450400451176042
     0.035898437499999998      0.81570096650431645
     0.035976562500000003      0.80701463220933944
     0.036054687500000002      0.79836293061252817
             0.0361328125      0.78968878374662621
     0.036210937499999998       0.7816391879515896
     0.036289062500000004      0.77656520389027051
     0.036367187500000002      0.77899850635954548
             0.0364453125      0.79031098259260035
     0.036523437499999999      0.80214954400714955
     0.036601562500000004      0.80836648720486137
     0.036679687500000002      0.81438938427300456
     0.036757812500000001      0.82986915564819941
     0.036835937499999999      0.85550142220187808
     0.036914062500000004      0.88777680181924912
     0.036992187500000002      0.93401202617590973
     0.037070312500000001      0.99897900137904561
     0.037148437499999999       1.0729214438280488
     0.037226562499999998       1.1432555301428209
     0.037304687500000003       1.2028618424541853
     0.037382812500000001       1.2452588195259668
     0.037460937499999999        1.259201165295637
     0.037578125000000004        1.234603781951171
     0.037734375000000001       1.1873618571743492
     0.037890625000000004       1.1590283242732853
     0.038046875000000001       1.1529790030643881
     0.038203124999999998       1.1636901665375963
     0.038359375000000001        1.189859547109958
     0.038515624999999998       1.2248663514146076
     0.038671875000000001       1.2608278538555544
     0.038828124999999998       1.2909764491994276
     0.038984375000000002       1.3116940540701516
     0.039140624999999998       1.3226910844198851
     0.039296875000000002       1.3257948892875149
     0.039453124999999999       1.3238572792066243
     0.039609375000000002       1.3197872981211474
     0.039765624999999999       1.3159781254779246
     0.039921875000000002       1.3137057331048825
     0.040078124999999999       1.3132460595769082
     0.040234375000000003       1.3145050311323485
     0.040390624999999999       1.3173677249462634
     0.040546875000000003       1.3216221049526242
              0.040703125       1.3265078674686075
     0.040859375000000003       1.3306802420523089
              0.041015625       1.3327460265846833
     0.041171875000000004       1.3321163095270325
              0.041328125       1.3292766923615245
     0.041484375000000004       1.3255999401043066
     0.041640625000000001       1.3226836220109688
     0.041796875000000004       1.3216259179081113
     0.041953125000000001       1.3222935791220867
     0.042109374999999998       1.3235334449266529
     0.042265625000000001       1.3240352805050923
     0.042421874999999998        1.322553191657639
     0.042578125000000001       1.3185379774381807
     0.042734374999999998       1.3127391947202116
     0.042890625000000002       1.3061499502050022
     0.043046874999999998       1.2995298957923842
     0.043203125000000002       1.2944099675487284
     0.043359374999999999        1.293134281811817
     0.043515625000000002       1.2958350179187481
     0.043671874999999999       1.2995416642366098
     0.043828125000000002       1.3021142885072117
     0.043984374999999999       1.3018218881264989
     0.044140625000000003       1.2989725554625224
     0.044296874999999999       1.3065965430736162
     0.044453125000000003       1.3264693090343189
              0.044609375       1.3355197740689742
     0.044765625000000003       1.3284145884107799
              0.044921875       1.3214419016782861
     0.045078125000000004       1.3375667619870253
              0.045234375        1.376638559304681
     0.045390625000000004       1.4130070051833008
     0.045546875000000001       1.4298060816156004
     0.045703125000000004        1.427710430200875
     0.045859375000000001       1.4192557315040109
     0.046015624999999998       1.4178231834042507
     0.046171875000000001       1.4316408551741595
     0.046328124999999998       1.4565000868349434
     0.046484375000000001       1.4774120723690425
     0.046640624999999998       1.4891135808647433
     0.046796875000000002       1.5008405961634221
     0.046953124999999998       1.5064763371587022
     0.047109375000000002       1.4939575394076889
     0.047265624999999999       1.4703848100113339
     0.047421875000000002       1.4585992345314813
     0.047578124999999999       1.4677119988589662
     0.047734375000000002       1.4878711333002748
     0.047890624999999999       1.5059050770921216
     0.048046875000000003       1.5096108571394977
     0.048203124999999999       1.5022770665790719
     0.048359375000000003       1.4954118994517214
              0.048515625       1.4941757600879215
     0.048671875000000003       1.4963306392144871
              0.048828125       1.4996926640167276
     0.048984375000000004       1.5058078006086635
              0.049140625       1.5170252445340304
     0.049296875000000004       1.5313182144184478
     0.049453125000000001       1.5454122313618908
     0.049609375000000004       1.5572668359382373
     0.049765625000000001       1.5653224736273659
     0.049921875000000004        1.566775664871336
     0.050078125000000001       1.5584087714061121
     0.050234374999999998       1.5397833650034607
     0.050390625000000001       1.5157765594934625
     0.050546874999999998       1.4947629212036286
     0.050703125000000002       1.4851385011387215
     0.050859374999999998       1.4918111298170738
     0.051015625000000002       1.5110333771281348
     0.051171874999999999       1.5360123419013818
     0.051328125000000002       1.5585034269503082
     0.051484374999999999       1.5714367764633517
     0.051640625000000002       1.5730595866109403
     0.051796874999999999       1.5677103136026684
     0.051953125000000003       1.5609365795111376
     0.052109374999999999       1.5561535129333073
     0.052265625000000003       1.5543684228394681
              0.052421875        1.554234745570042
     0.052578125000000003       1.5533550899784292
              0.052734375       1.5500195105959018
     0.052890625000000004       1.5445238856801011
              0.053046875        1.539048889260116
     0.053203125000000004       1.5368938201876174
     0.053359375000000001       1.5411584400358798
     0.053515625000000004       1.5528698667415424
     0.053671875000000001        1.569815962216105
     0.053828125000000004       1.5884311044738288
     0.053984375000000001       1.6050119821666586
     0.054140624999999998        1.616506384121605
     0.054296875000000001       1.6230305374934491
     0.054453124999999998       1.6265943886654453
     0.054609375000000002       1.6296098889603994
     0.054765624999999998       1.6346986122690559
     0.054921875000000002       1.6446038550701649
     0.055078124999999999       1.6604407688992244
     0.055234375000000002       1.6784646108209886
     0.055390624999999999       1.6918845253171222
     0.055546875000000002       1.6978389970784118
     0.055703124999999999       1.6942774258329671
     0.055859375000000003       1.6821568067296528
     0.056015624999999999       1.6664977684566518
     0.056171875000000003       1.6518630589522703
              0.056328125       1.6416494267802115
     0.056484375000000003       1.6341514795584076
              0.056640625       1.6281240081501156
     0.056796875000000004       1.6239239660760523
              0.056953125       1.6224565094263956
     0.057109375000000004       1.6241533969262814
     0.057265625000000001       1.6284665778286909
     0.057421875000000004       1.6342370859027242
     0.057578125000000001       1.6400887877101213
     0.057734375000000004       1.6447325266631312
     0.057890625000000001       1.6474094645571542
     0.058046874999999998       1.6482760865898207
     0.058203125000000001        1.648346031177329
     0.058359374999999998       1.6488363757448961
     0.058515625000000002       1.6502527534817746
     0.058671874999999998        1.651888727035679
     0.058828125000000002       1.6520974977966805
     0.058984374999999999       1.6491582767779218
     0.059140625000000002       1.6422747412154748
     0.059296874999999999        1.631845363750013
     0.059453125000000002       1.6193667819335031
     0.059609374999999999        1.606644835348592
     0.059765625000000003       1.5949928234003417
     0.059921874999999999       1.5848208146279084
     0.060078125000000003       1.5757127216581581
              0.060234375       1.5666627406895364
     0.060390625000000003       1.5563927541537868
              0.060546875       1.5438092322771284
     0.060703125000000004       1.5283709740871525
              0.060859375       1.5102337127521024
     0.061015625000000004       1.4900689971557362
     0.061171875000000001        1.468682900251689
     0.061328125000000004       1.4466507916963585
     0.061484375000000001       1.4241636615433386
     0.061640625000000004       1.4010512877812009
     0.061796875000000001       1.3771178468426533
     0.061953125000000005       1.3523085610462104
     0.062109375000000001       1.3268728832223973
     0.062265624999999998       1.3012263144521057
     0.062421875000000002       1.2752068115250113
     0.062539062500000006       1.2557781396307002
     0.062617187500000004       1.2429912864071739
     0.062695312500000003        1.230434305155286
     0.062773437500000001       1.2179149986607047
     0.062851562499999999       1.2054261663597394
     0.062929687499999998       1.1932661881830249
     0.063007812499999996       1.1816667746275713
     0.063085937499999994       1.1705880884763229
     0.063164062500000007       1.1596084487616494
     0.063242187500000005       1.1481839091467116
     0.063320312500000003       1.1363322798950695
     0.063398437500000002         1.12473303335487
             0.0634765625       1.1138417877225737
     0.063554687499999998       1.1023627789751915
     0.063632812499999997       1.0900662288876628
     0.063710937499999995       1.0816680249375286
     0.063789062500000007       1.1050508877997809
     0.063867187500000006       1.3043395511491547
     0.063945312500000004       1.5815857920807612
     0.064023437500000002       1.6777041463287534
     0.064101562500000001       1.6770681295862864
     0.064179687499999999       1.6625925766460892
     0.064257812499999997       1.6439235272636654
     0.064335937499999996        1.623874861274806
     0.064414062500000008       1.6020312539599453
     0.064492187500000006       1.5779906358472435
     0.064570312500000004       1.5525884970481227
     0.064648437500000003       1.5272411320559385
     0.064726562500000001        1.503085608386221
     0.064804687499999999       1.4807425602989346
     0.064882812499999998       1.4603862973620299
     0.064960937499999996       1.4416343394645648
     0.065039062499999994       1.4238974673175682
     0.065117187500000007        1.406540028133342
     0.065195312500000005       1.3890697066792232
     0.065273437500000003       1.3712294702199372
     0.065351562500000002       1.3531374546683119
             0.0654296875       1.3350727741959498
     0.065507812499999998       1.3173461207205484
     0.065585937499999997       1.3001265571114837
     0.065664062499999995       1.2833654460394617
     0.065742187500000007       1.2668761775512196
     0.065820312500000006       1.2504293145283469
     0.065898437500000004       1.2338228285295731
     0.065976562500000002       1.2169454829353914
     0.066054687500000001       1.1998766941732162
     0.066132812499999999        1.183005520820015
     0.066210937499999997       1.1670498173778621
     0.066289062499999996        1.152881029816764
     0.066367187500000008       1.1412936128617526
     0.066445312500000006       1.1331306643399099
     0.066523437500000004       1.1292123420782088
     0.066601562500000003       1.1319339326286273
     0.066679687500000001       1.1472599227539284
     0.066757812499999999       1.1792869365344454
     0.066835937499999998        1.220532931515951
     0.066914062499999996       1.2546668153880491
     0.066992187500000008       1.2656489678901455
     0.067070312500000007       1.2604380923615448
     0.067148437500000005       1.2509807311426704
     0.067226562500000003       1.2412650454759466
     0.067304687500000002       1.2342730649782898
             0.0673828125       1.2389002159786433
     0.067460937499999998       1.2611247042976017
     0.067539062499999997       1.2922056426622841
     0.067617187499999995       1.3208905471899355
     0.067695312500000007       1.3367371274517874
     0.067773437500000006       1.3298106274968853
     0.067851562500000004       1.2950455035983905
     0.067929687500000002       1.2550333624308325
     0.068007812500000001       1.2355498717067432
     0.068085937499999999       1.2327051291307167
     0.068164062499999997       1.2348292869061954
     0.068242187499999996       1.2387279086302128
     0.068320312500000008       1.2427207507248046
     0.068398437500000006       1.2486294960725712
     0.068476562500000004       1.2560451535565211
     0.068554687500000003       1.2632472016875878
     0.068632812500000001       1.2664567448993616
     0.068710937499999999       1.2650703672539867
     0.068789062499999998       1.2606514709030425
     0.068867187499999996       1.2551081876476311
     0.068945312500000008       1.2502328688002426
     0.069023437500000007       1.2477261123157171
     0.069101562500000005       1.2492329840363816
     0.069179687500000003        1.255921651262905
     0.069257812500000002       1.2677381858146319
             0.0693359375       1.2831739563663789
     0.069414062499999998       1.2996752294627922
     0.069492187499999997       1.3148970035936294
     0.069570312499999995        1.327364815271457
     0.069648437500000007       1.3386815870978066
     0.069726562500000006       1.3497326842394044
     0.069804687500000004       1.3639669307995594
     0.069882812500000002       1.3774108586969962
     0.069960937500000001       1.3813644023368936
     0.070078125000000005       1.3672478324295601
     0.070234375000000002       1.3595544486795026
     0.070390624999999998       1.3699500164652754
     0.070546874999999995       1.3837023803888795
     0.070703125000000006       1.3870022568690434
     0.070859375000000002       1.3836328712659858
     0.071015624999999999       1.3832431535247416
     0.071171874999999996       1.3810406315615238
     0.071328125000000006       1.3753923300666839
     0.071484375000000003       1.3661564734447595
     0.071640624999999999       1.3561522983330507
     0.071796874999999996       1.3490262829382726
     0.071953125000000007       1.3471799452261153
     0.072109375000000003       1.3509333406021156
              0.072265625       1.3595937622046801
     0.072421874999999997       1.3716129366976473
     0.072578125000000007       1.3845600721908928
     0.072734375000000004       1.3953437565516311
     0.072890625000000001       1.4015296605172438
     0.073046874999999997       1.4004564883096633
     0.073203125000000008       1.3900376642005907
     0.073359375000000004       1.3722402483144689
     0.073515625000000001       1.3514332991196762
     0.073671874999999998       1.3328940752119312
     0.073828125000000008        1.318347578720843
     0.073984375000000005       1.3046297688472741
     0.074140625000000002       1.2916940172161422
     0.074296874999999998       1.2866625567616343
     0.074453124999999995       1.2988387173829736
     0.074609375000000006       1.3257340638339801
     0.074765625000000002       1.3518898390157328
     0.074921874999999999       1.3657894782286102
     0.075078124999999996       1.3665338413536998
     0.075234375000000006       1.3568439651307389
     0.075390625000000003       1.3376865896085122
     0.075546874999999999       1.3127903698652745
     0.075703124999999996       1.2914076501868836
     0.075859375000000007       1.2821556423350331
     0.076015625000000003       1.2866247693203057
              0.076171875       1.2964264619012691
     0.076328124999999997       1.3014467351114809
     0.076484375000000007       1.2965702314615277
     0.076640625000000004       1.2828187897290309
     0.076796875000000001       1.2660828603281897
     0.076953124999999997       1.2541740203534637
     0.077109375000000008       1.2572708911652695
     0.077265625000000004       1.2812277825257807
     0.077421875000000001       1.3145578468880825
     0.077578124999999998       1.3395654518068325
     0.077734375000000008       1.3478824153983338
     0.077890625000000005       1.3482174494343271
     0.078046875000000002       1.3517342549340967
     0.078203124999999998        1.362073408520674
     0.078359374999999995       1.3762726441499229
     0.078515625000000006       1.3906169215972246
     0.078671875000000002       1.4033861177512335
     0.078828124999999999       1.4120426116643827
     0.078984374999999996       1.4166803592053809
     0.079140625000000006       1.4198497426771075
     0.079296875000000003       1.4250493738239292
     0.079453124999999999       1.4358132462577056
     0.079609374999999996       1.4522343474444535
     0.079765625000000007       1.4705236322381525
     0.079921875000000003       1.4890483728309669
              0.080078125       1.5064800490217054
     0.080234374999999997       1.5201924665669562
     0.080390625000000007       1.5298677492123902
     0.080546875000000004       1.5401854188006299
     0.080703125000000001        1.554161497761984
     0.080859374999999997       1.5684428165064477
     0.081015625000000008        1.575665135488993
     0.081171875000000004       1.5620127844947531
     0.081328125000000001       1.5356961140367216
     0.081484374999999998       1.5198308381499346
     0.081640625000000008       1.5224033207222605
     0.081796875000000005        1.532849359223144
     0.081953125000000002       1.5424103929174167
     0.082109374999999998       1.5471023114326103
     0.082265624999999995         1.54583279118978
     0.082421875000000006       1.5366206187591689
     0.082578125000000002       1.5171141015358878
     0.082734374999999999       1.4909594104709487
     0.082890624999999996       1.4693141321509975
     0.083046875000000006       1.4604606426596467
     0.083203125000000003       1.4587810708651907
     0.083359374999999999        1.457918443574207
     0.083515624999999996       1.4563652439714283
     0.083671875000000007       1.4539985525870518
     0.083828125000000003       1.4513132573318832
              0.083984375       1.4482886276534908
     0.084140624999999997       1.4446485775944473
     0.084296875000000007       1.4408420132332311
     0.084453125000000004       1.4377191861915304
     0.084609375000000001        1.436534109456604
     0.084765624999999997       1.4395464311255035
     0.084921875000000008       1.4474456451469104
     0.085078125000000004       1.4602782969203592
     0.085234375000000001        1.477225426146664
     0.085390624999999998       1.4954133045922888
     0.085546875000000008       1.5119911792802587
     0.085703125000000005       1.5273502368628578
     0.085859375000000002       1.5433177405682124
     0.086015624999999998       1.5595175407487933
     0.086171874999999995       1.5725023627141748
     0.086328125000000006       1.5782150916643627
     0.086484375000000002       1.5755749333759825
     0.086640624999999999       1.5655305601960396
     0.086796874999999996       1.5471227320307883
     0.086953125000000006       1.5189908645831165
     0.087109375000000003        1.485204653794908
     0.087265624999999999       1.4543005249426009
     0.087421874999999996       1.4317586532757189
     0.087578125000000007       1.4168924103903431
     0.087734375000000003       1.4072584409748345
              0.087890625        1.402304570253448
     0.088046874999999997       1.4023130024611172
     0.088203125000000007       1.4072562063456699
     0.088359375000000004       1.4161197394177647
     0.088515625000000001        1.428057049579871
     0.088671874999999997       1.4428967991591404
     0.088828125000000008       1.4588853897669165
     0.088984375000000004       1.4711561788451653
     0.089140625000000001       1.4746916944512598
     0.089296874999999998       1.4684339894718166
     0.089453125000000008       1.4581167293593102
     0.089609375000000005       1.4458944263069118
     0.089765625000000002       1.4318924896500012
     0.089921874999999998       1.4167332415969669
     0.090078124999999995       1.4014986344784184
     0.090234375000000006       1.3885709907765666
     0.090390625000000002       1.3804469421840977
     0.090546874999999999       1.3768853801025196
     0.090703124999999996       1.3753721565239267
     0.090859375000000006       1.3736134000519689
     0.091015625000000003       1.3709346978974435
     0.091171874999999999       1.3676047002678879
     0.091328124999999996       1.3633270464378642
     0.091484375000000007       1.3571101514292143
     0.091640625000000003       1.3481159298177021
              0.091796875       1.3370327124724568
     0.091953124999999997       1.3249887120411221
     0.092109375000000007       1.3137156077112595
     0.092265625000000004       1.3044017315069527
     0.092421875000000001       1.2977766168455138
     0.092539062500000005       1.2937154498049841
     0.092617187500000003       1.2901945234777692
     0.092695312500000002        1.286162843390652
             0.0927734375       1.2829151913610124
     0.092851562499999998        1.280038489907362
     0.092929687499999997       1.2769208291299132
     0.093007812499999995       1.2737717973297991
     0.093085937500000007       1.2710385428560962
     0.093164062500000006        1.268804087750341
     0.093242187500000004       1.2668612266376662
     0.093320312500000002       1.2649710984367835
     0.093398437500000001       1.2629825447701168
     0.093476562499999999       1.2608344957193491
     0.093554687499999997       1.2585495704988154
     0.093632812499999996       1.2561466243475068
     0.093710937500000008       1.2535541998285584
     0.093789062500000006       1.2506004745594936
     0.093867187500000004       1.2471077871109701
     0.093945312500000003       1.2430448639579785
     0.094023437500000001       1.2386081100550335
     0.094101562499999999       1.2341186441874361
     0.094179687499999998       1.2297928741586861
     0.094257812499999996       1.2255826373286562
     0.094335937500000008       1.2212662868571158
     0.094414062500000007       1.2167559952287372
     0.094492187500000005       1.2122732215324408
     0.094570312500000003       1.2081486768144736
     0.094648437500000002       1.2044799514417417
             0.0947265625       1.2010909978891686
     0.094804687499999998       1.1978875892508882
     0.094882812499999997       1.1951121303907963
     0.094960937500000009       1.1931491711197217
     0.095039062500000007       1.1921015975527207
     0.095117187500000006       1.1917176564174849
     0.095195312500000004       1.1918038221659502
     0.095273437500000002       1.1925537178871763
     0.095351562500000001       1.1944358863855389
     0.095429687499999999       1.1974840195112304
     0.095507812499999997        1.201075007213775
     0.095585937499999996       1.2045599143668311
     0.095664062500000008       1.2074839032087383
     0.095742187500000006       1.2099463770627941
     0.095820312500000004       1.2127866430247061
     0.095898437500000003       1.2168587720819271
     0.095976562500000001       1.2225957938723668
     0.096054687499999999        1.229752759128413
     0.096132812499999998       1.2373065910193073
     0.096210937499999996       1.2440454875028328
     0.096289062500000008       1.2490266878075642
     0.096367187500000007       1.2520548511852485
     0.096445312500000005       1.2537608711852071
     0.096523437500000003       1.2550897333031348
     0.096601562500000002       1.2569624764742331
             0.0966796875       1.2603757263276738
     0.096757812499999998       1.2661724029650292
     0.096835937499999997       1.2811175662873209
     0.096914062500000009       1.3238969553904292
     0.096992187500000007       1.4198914310167312
     0.097070312500000006       1.5892944782613891
     0.097148437500000004       1.8309956602561306
     0.097226562500000002       2.0625541048793927
     0.097304687500000001       2.1836068625390856
     0.097382812499999999        2.175212648868496
     0.097460937499999997       2.1094798898469027
     0.097539062499999996       2.0580991770835158
     0.097617187500000008       2.0885997882124521
     0.097695312500000006       2.2268209884973604
     0.097773437500000004       2.3677679429128218
     0.097851562500000003       2.4126730136789023
     0.097929687500000001       2.3753885187734394
     0.098007812499999999       2.2975196896150645
     0.098085937499999998       2.2046268501844595
     0.098164062499999996       2.1122358572394497
     0.098242187500000008       2.0280640855860526
     0.098320312500000007       1.9544449887713746
     0.098398437500000005       1.8902407227433122
     0.098476562500000003       1.8332556535125921
     0.098554687500000002       1.7811415867157545
             0.0986328125       1.7332030049823284
     0.098710937499999998       1.6898750280612871
     0.098789062499999997       1.6511184652572704
     0.098867187500000009        1.615639650193841
     0.098945312500000007       1.5816650816159703
     0.099023437500000006       1.5484725663424121
     0.099101562500000004        1.517153232401238
     0.099179687500000002       1.4892977222260209
     0.099257812500000001       1.4652667923891018
     0.099335937499999999       1.4436130546709978
     0.099414062499999997        1.422672896301141
     0.099492187499999996       1.4014159817233498
     0.099570312500000008       1.3803845762496956
     0.099648437500000006       1.3615596971489865
     0.099726562500000004       1.3466056473323504
     0.099804687500000003       1.3331762637860944
     0.099882812500000001       1.3182751938219961
     0.099960937499999999       1.2997765675923831
              0.100078125       1.2864056075753914
              0.100234375       1.2633279858001183
              0.100390625       1.2429815079874549
      0.10054687500000001       1.2250569264455113
              0.100703125       1.2089498148652142
              0.100859375       1.1925912658437461
              0.101015625       1.1745269819519173
      0.10117187500000001       1.1561851981753088
              0.101328125       1.1391405945751671
              0.101484375       1.1239968090691645
              0.101640625       1.1102535949454118
      0.10179687500000001       1.0965667283979037
      0.10195312500000001       1.0822162397893633
              0.102109375       1.0692524850962961
              0.102265625       1.0641003149313146
              0.102421875       1.0687112767358471
             0.1025390625       1.0736495075605628
             0.1026171875       1.0821002805422393
             0.1026953125       1.0903436749840569
      0.10277343750000001       1.0961396348633548
      0.10285156250000001       1.0988081255202788
      0.10292968750000001       1.0979033461133678
             0.1030078125       1.0934944242368829
             0.1030859375       1.0869541618565015
             0.1031640625       1.0805272778629793
             0.1032421875       1.0762895821262506
             0.1033203125       1.0752881327546295
             0.1033984375       1.0777284834528855
      0.10347656250000001       1.0838560653898253
      0.10355468750000001       1.0948438267908862
             0.1036328125       1.1133517040036585
             0.1037109375       1.1426633064314342
             0.1037890625       1.1831646858021838
             0.1038671875       1.2300111652685819
             0.1039453125       1.2739627136155574
             0.1040234375       1.3065757431143916
      0.10410156250000001       1.3254459003611214
      0.10417968750000001       1.3350859359991314
             0.1042578125        1.341261636060727
             0.1043359375       1.3480441007457997
             0.1044140625       1.3628684027834317
             0.1044921875       1.4006971588732546
             0.1045703125       1.4641377838720449
             0.1046484375        1.519603869242858
      0.10472656250000001       1.5361156417638824
      0.10480468750000001       1.5209790399229157
      0.10488281250000001       1.4951688940305943
             0.1049609375       1.4720001372359259
      0.10507812500000001       1.4609800539399449
              0.105234375       1.4590151674717911
              0.105390625        1.461847471059132
              0.105546875       1.4609368540793888
      0.10570312500000001       1.4529193990165528
      0.10585937500000001       1.4386530226873262
              0.106015625       1.4231080665577276
              0.106171875       1.4114723057384015
              0.106328125       1.4062278313991867
      0.10648437500000001       1.4085090756846701
              0.106640625       1.4176363301082964
              0.106796875       1.4324195348734661
              0.106953125       1.4486250879546063
      0.10710937500000001       1.4604105958046603
              0.107265625       1.4635936891015744
              0.107421875       1.4582404006632299
              0.107578125       1.4491488910020744
      0.10773437500000001       1.4398855342532992
              0.107890625       1.4325895987680446
              0.108046875       1.4311340071090215
              0.108203125       1.4377129069260095
      0.10835937500000001       1.4462398280394957
              0.108515625       1.4509499211605801
              0.108671875       1.4514214526322842
              0.108828125       1.4522185546314319
      0.10898437500000001       1.4578323801696254
              0.109140625       1.4680422203825836
              0.109296875       1.4767945017229203
              0.109453125       1.4810129440534923
      0.10960937500000001       1.4809555389257847
      0.10976562500000001       1.4809008890726589
              0.109921875       1.4815267563204999
      0.11003906250000001       1.4896817887348619
             0.1101171875       1.5024249943538508
             0.1101953125       1.5148101709277784
             0.1102734375        1.525582524798025
             0.1103515625       1.5331966238420081
             0.1104296875       1.5342085625926416
             0.1105078125       1.5277065208395819
      0.11058593750000001       1.5160044630826675
      0.11066406250000001       1.4996602616995445
      0.11074218750000001        1.474665927562997
             0.1108203125       1.4377698223451159
             0.1108984375       1.3932622001416521
             0.1109765625       1.3515318077762777
             0.1110546875       1.3212852853442025
             0.1111328125       1.3041391933394439
             0.1112109375       1.2960479877821007
      0.11128906250000001       1.2927711208725492
      0.11136718750000001       1.2908010364451838
             0.1114453125       1.2869857660824546
             0.1115234375       1.2800583091433018
             0.1116015625       1.2728301935676782
             0.1116796875       1.2686699729217641
             0.1117578125       1.2680399386458492
             0.1118359375       1.2692000859397687
      0.11191406250000001       1.2707375784588972
      0.11199218750000001       1.2721342121401953
             0.1120703125       1.2735286361373499
             0.1121484375       1.2748147892358308
             0.1122265625       1.2749499829973294
             0.1123046875       1.2728841119096495
             0.1123828125       1.2696414039274391
             0.1124609375       1.2659489834496649
      0.11253906250000001       1.2620815913540191
      0.11261718750000001       1.2580033768039161
      0.11269531250000001       1.2536614551092389
             0.1127734375       1.2491017561083511
             0.1128515625       1.2449028397850042
             0.1129296875       1.2420976730565958
             0.1130078125       1.2405652206809838
             0.1130859375       1.2395939144324313
             0.1131640625        1.238514800209515
      0.11324218750000001       1.2373484841675138
      0.11332031250000001       1.2370608783470867
             0.1133984375       1.2389759382360586
             0.1134765625       1.2439059492696876
             0.1135546875       1.2514294517754432
             0.1136328125       1.2597431476831282
             0.1137109375       1.2670191620076228
             0.1137890625       1.2720319897576988
      0.11386718750000001       1.2752396025459913
      0.11394531250000001       1.2835352596940799
             0.1140234375       1.3129204799444021
             0.1141015625       1.3657218866709342
             0.1141796875       1.4258306686532987
             0.1142578125       1.4730362481201291
             0.1143359375       1.4974519647750828
             0.1144140625       1.5057316258701532
      0.11449218750000001       1.5104084412604646
      0.11457031250000001        1.515654823560362
      0.11464843750000001       1.5215985039224491
             0.1147265625       1.5282826663595173
             0.1148046875       1.5355539583899878
             0.1148828125       1.5429504016523163
             0.1149609375       1.5503996087350358
              0.115078125       1.5611072664666785
              0.115234375       1.5724362121167932
              0.115390625       1.5821703562480971
      0.11554687500000001       1.5915005953835806
              0.115703125       1.6012890318181918
              0.115859375       1.6110506780931773
              0.116015625       1.6177077620295512
      0.11617187500000001       1.6178867435171282
              0.116328125        1.613853748550137
              0.116484375       1.6095229045189132
              0.116640625       1.6076959763531873
      0.11679687500000001       1.6097248213662156
              0.116953125       1.6141885630855328
              0.117109375       1.6180509560719805
              0.117265625       1.6191203393140532
      0.11742187500000001       1.6176321415346329
      0.11757812500000001       1.6147355783774302
              0.117734375       1.6112420314747822
              0.117890625       1.6076473743756352
              0.118046875       1.6049600508564934
      0.11820312500000001       1.6051370322628939
              0.118359375       1.6101267093946621
              0.118515625       1.6187768097217359
              0.118671875       1.6283384816910673
      0.11882812500000001       1.6367441124891773
              0.118984375       1.6427502761808264
              0.119140625       1.6461337839623766
              0.119296875       1.6474352359794018
      0.11945312500000001       1.6474309732391212
              0.119609375       1.6465475598605888
              0.119765625       1.6442930718449085
              0.119921875       1.6394812003859875
      0.12007812500000001       1.6314544146090397
              0.120234375       1.6209240523108668
              0.120390625       1.6095191695397706
              0.120546875       1.5988330257023089
      0.12070312500000001       1.5899916821505571
              0.120859375       1.5837655551565741
              0.121015625       1.5807812330698809
              0.121171875       1.5807937628486091
      0.12132812500000001       1.5828491862893572
      0.12148437500000001       1.5846799357848169
              0.121640625       1.5832838228858879
              0.121796875       1.5762377683385684
      0.12195312500000001       1.5645719862186354
      0.12210937500000001       1.5503813231817325
              0.122265625       1.5346420758379042
              0.122421875       1.5168505634443732
              0.122578125       1.4988861282920185
      0.12273437500000001       1.4828478905929081
              0.122890625        1.471687524866732
              0.123046875       1.4659531785432318
              0.123203125       1.4628931139820929
      0.12335937500000001       1.4591127180290884
              0.123515625       1.4525979332210823
              0.123671875       1.4432668558482127
              0.123828125       1.4324375607311386
      0.12398437500000001       1.4214391305239391
              0.124140625       1.4109311114611272
              0.124296875       1.4010733774416027
              0.124453125       1.3918155238912773
      0.12460937500000001       1.3828312043599726
              0.124765625       1.3734968799674607
              0.124921875       1.3637926085270544
      0.12507812500000001       1.3546315924434782
      0.12523437500000001       1.3463469546157458
      0.12539062500000001       1.3374495990253292
              0.125546875       1.3265194729116736
              0.125703125       1.3143438179500242
              0.125859375       1.3023003545453453
      0.12601562499999999       1.2900404592378327
      0.12617187499999999       1.2756896211794662
      0.12632812500000001       1.2587887822932582
      0.12648437500000001       1.2407657997314681
      0.12664062500000001       1.2230561029940346
              0.126796875       1.2060223195405093
              0.126953125       1.1892405116995846
              0.127109375       1.1723533789105616
      0.12726562499999999       1.1544257071493103
      0.12742187499999999       1.1378501809248334
      0.12753906249999999       1.1319982178800398
      0.12761718750000001       1.1225747906664063
      0.12769531249999999       1.1109253127984573
             0.1277734375       1.1002377085969068
      0.12785156250000002       1.0914573468753146
             0.1279296875       1.0838202292572312
      0.12800781250000001       1.0764332534564862
             0.1280859375       1.0696311385051591
      0.12816406250000001       1.0652018899527542
      0.12824218749999999        1.072656676236462
      0.12832031250000001       1.1533323799927042
      0.12839843749999999       1.3057017209982409
             0.1284765625       1.3831400460413001
      0.12855468750000001       1.3726781608608662
             0.1286328125       1.3403114525650548
      0.12871093750000001       1.3091549789251109
             0.1287890625       1.2876486098006545
      0.12886718750000001       1.2723564954150939
      0.12894531249999999       1.2577072891525813
             0.1290234375        1.241644838123908
      0.12910156249999999        1.224880736187425
             0.1291796875       1.2088847620261014
      0.12925781250000001       1.1946803232691114
             0.1293359375       1.1827786528017594
      0.12941406250000001       1.1737005995884073
      0.12949218749999999       1.1681780165931739
      0.12957031250000001        1.166936943170356
      0.12964843749999999       1.1703132749539604
             0.1297265625       1.1775580277894699
      0.12980468750000002       1.1868151975683217
             0.1298828125       1.1961767222858879
      0.12996093750000001       1.2043192813573225
      0.13007812499999999       1.2142461249952037
      0.13023437500000001       1.2278379829901378
      0.13039062500000001       1.2394395153681073
      0.13054687500000001       1.2482919606518195
              0.130703125       1.2566008603428886
              0.130859375       1.2672172187079338
              0.131015625       1.2805104066737529
      0.13117187499999999        1.294652942234775
      0.13132812499999999       1.3077487710808156
      0.13148437500000001       1.3189649725537929
      0.13164062500000001       1.3275900256809925
      0.13179687500000001       1.3317256428775248
              0.131953125       1.3296422413497873
              0.132109375       1.3239536535895517
              0.132265625       1.3184600395297015
      0.13242187499999999       1.3154108198171093
      0.13257812499999999       1.3162287579563461
      0.13273437500000002       1.3208531085085602
      0.13289062500000001       1.3285488318994432
      0.13304687500000001       1.3380480474205496
      0.13320312500000001       1.3475343960947079
              0.133359375       1.3550943214121591
              0.133515625       1.3586763990744324
              0.133671875       1.3568002327930033
      0.13382812499999999       1.3507344666672676
      0.13398437500000002       1.3419397645329674
      0.13414062500000001       1.3315067530945848
      0.13429687500000001       1.3216287558985591
      0.13445312500000001       1.3138455519883141
              0.134609375       1.3091188473336439
              0.134765625       1.3076098616792908
              0.134921875       1.3093786793496409
      0.13515625000000001       1.3134982106854705
               0.13546875       1.3197300869723196
      0.13578124999999999       1.3214666999845019
      0.13609375000000001       1.3190507606781745
      0.13640625000000001       1.3170325006640979
               0.13671875       1.3190092970621277
      0.13703124999999999       1.3249669116366836
      0.13734375000000001       1.3316783481264842
      0.13765625000000001       1.3356160370980867
               0.13796875       1.3357752220994537
      0.13828124999999999       1.3333521372846817
      0.13859375000000002       1.3295541480114117
      0.13890625000000001       1.3263730367455124
               0.13921875       1.3246103149990636
               0.13953125       1.3255234247059584
      0.13984375000000002       1.3284375834269118
              0.140078125       1.3297132792158295
      0.14023437499999999        1.329329841054284
      0.14039062499999999       1.3282305983217686
      0.14054687500000002       1.3271979166591805
      0.14070312500000001       1.3250765997648351
      0.14085937500000001       1.3211422876257137
      0.14101562500000001       1.3148709520955613
              0.141171875       1.3058554677112819
              0.141328125       1.2947079874033443
              0.141484375       1.2829142786164376
      0.14164062499999999       1.2720521848335444
      0.14179687500000002       1.2627055182817468
      0.14195312500000001       1.2544845315299293
      0.14210937500000001       1.2464032924631465
      0.14226562500000001       1.2374818358513997
              0.142421875       1.2272787033502408
              0.142578125       1.2160310252290649
              0.142734375         1.20441784010598
      0.14289062499999999       1.1932459608635246
      0.14304687499999999       1.1831589259662778
      0.14320312500000001       1.1744721921887631
      0.14335937500000001       1.1665898956150502
      0.14351562500000001       1.1580602793389179
              0.143671875       1.1478373081283821
              0.143828125       1.1363251317385055
              0.143984375       1.1247826771688574
      0.14414062499999999       1.1137824297274426
      0.14429687499999999       1.1023113761309595
      0.14445312500000002       1.0899644472216292
      0.14460937500000001       1.0784888580918301
      0.14476562500000001       1.0723961971482576
      0.14492187500000001       1.0712813373077703
      0.14503906250000001       1.0725031536832421
      0.14511718749999999       1.0752297519165135
      0.14519531250000001       1.0787960312865794
      0.14527343749999999       1.0824283900192662
             0.1453515625       1.0852982883262978
      0.14542968750000002       1.0867301460017367
             0.1455078125       1.0864601469280455
      0.14558593750000001       1.0845865137426709
             0.1456640625       1.0814840780668911
      0.14574218750000001        1.077642317976355
      0.14582031249999999       1.0733353193309738
      0.14589843750000001       1.0685230653527471
      0.14597656249999999       1.0632526436451284
             0.1460546875       1.0580467695931375
      0.14613281250000001       1.0536881879890023
             0.1462109375       1.0506620113781471
      0.14628906250000001       1.0489879107952453
             0.1463671875       1.0485748278830966
      0.14644531250000001       1.0495707129000262
      0.14652343749999999       1.0521903744741616
             0.1466015625       1.0561417656192658
      0.14667968750000002       1.0602301089628741
             0.1467578125       1.0628842440587185
      0.14683593750000001       1.0633598075961306
             0.1469140625       1.0626297051139209
      0.14699218750000001       1.0618408641440853
      0.14707031249999999       1.0615335345324026
      0.14714843750000001        1.061796591990241
      0.14722656249999999       1.0626303820967276
             0.1473046875       1.0650853750112319
      0.14738281250000002       1.0731727537101756
             0.1474609375       1.0904543640229767
              0.147578125       1.1227045629136094
              0.147734375       1.1719780652297265
              0.147890625       1.2162120833196977
      0.14804687499999999       1.2472794612245948
      0.14820312499999999       1.2618445410197687
      0.14835937500000002       1.2649551633516791
      0.14851562500000001       1.2655650762521147
      0.14867187500000001       1.2713305133393764
      0.14882812500000001       1.2848673691685042
              0.148984375        1.302743802747494
              0.149140625       1.3193681212473876
              0.149296875       1.3307954446620067
      0.14945312499999999       1.3369497128781518
      0.14960937500000002       1.3419639085708555
      0.14976562500000001       1.3498374856084736
      0.14992187500000001       1.3607307701613451
      0.15015624999999999       1.3666412446509217
      0.15046875000000001       1.3809923915879916
      0.15078125000000001       1.3954271185733689
               0.15109375       1.4089763877312529
      0.15140624999999999       1.4209546643914235
      0.15171875000000001       1.4307460241383347
      0.15203125000000001       1.4382674802400026
               0.15234375       1.4437043928481692
      0.15265624999999999       1.4453984746462885
      0.15296875000000001        1.442341353161797
      0.15328125000000001       1.4369298452770738
               0.15359375       1.4356872675279067
      0.15390624999999999       1.4437674478851601
      0.15421875000000002        1.458908508809772
      0.15453125000000001       1.4760036718947565
               0.15484375       1.4929869020222768
               0.15515625       1.5056460294677865
      0.15546875000000002        1.514011043497909
      0.15578125000000001       1.5255110049162537
               0.15609375       1.5415197584139673
               0.15640625       1.5585245096835363
      0.15671874999999999       1.5660263555247378
      0.15703125000000001       1.5619589824983202
               0.15734375       1.5440269048829978
               0.15765625       1.5187302093415633
      0.15796874999999999       1.4950405947492065
      0.15828125000000001       1.4781724124225428
      0.15859375000000001       1.4703556979446799
               0.15890625       1.4720026788203353
      0.15921874999999999       1.4819158892779729
      0.15953125000000001       1.4971442790050742
      0.15984375000000001       1.5121249862932582
               0.16015625       1.5207153740936772
      0.16046874999999999       1.5220286235675218
      0.16078125000000001       1.5205772465741112
      0.16109375000000001       1.5210216482092789
               0.16140625       1.5252923632960367
      0.16171874999999999       1.5329204510675811
      0.16203125000000002       1.5423128084212561
      0.16234375000000001       1.5518680057232774
               0.16265625       1.5597454922712994
               0.16296875       1.5637854253457011
      0.16328125000000002       1.5623951008746733
      0.16359375000000001       1.5554547179637128
               0.16390625       1.5434570014558129
               0.16421875       1.5293214753655717
      0.16453124999999999       1.5161960101928345
      0.16484375000000001       1.5055441224392005
               0.16515625       1.4978490045021242
               0.16546875       1.4927233732360736
      0.16578124999999999       1.4892400871244968
      0.16609375000000001       1.4872388552554145
      0.16640625000000001       1.4869123320506306
               0.16671875       1.4868860038549794
      0.16703124999999999       1.4854065800518654
      0.16734375000000001       1.4805365794916208
      0.16765625000000001       1.4712981675594108
               0.16796875       1.4604006892305665
      0.16828124999999999       1.4525884154634483
      0.16859375000000001       1.4518316154931143
      0.16890625000000001       1.4581770768669164
               0.16921875       1.4675334512607332
      0.16953124999999999       1.4763341480201704
      0.16984375000000002       1.4806661403504213
      0.17015625000000001       1.4789365760405833
               0.17046875       1.4739503129679792
               0.17078125       1.4684520169096078
      0.17109375000000002       1.4645822652204135
      0.17140625000000001       1.4633691600013239
               0.17171875       1.4644597398807537
               0.17203125       1.4668661743215845
      0.17234374999999999       1.4695632846888869
      0.17265625000000001       1.4717102027336402
               0.17296875       1.4726858689245221
               0.17328125       1.4724407252051037
      0.17359374999999999       1.4720024003482657
      0.17390625000000001       1.4729946042957347
      0.17421875000000001        1.475616687242884
               0.17453125       1.4771739105217201
      0.17484374999999999         1.47368336442674
      0.17515625000000001       1.4637898704177659
      0.17546875000000001       1.4506438901268728
               0.17578125       1.4393797856264212
      0.17609374999999999       1.4334361032005245
      0.17640625000000001       1.4321163271533941
      0.17671875000000001       1.4315058317250346
               0.17703125       1.4273200081264361
      0.17734374999999999       1.4173430328772756
      0.17765625000000002       1.4020611037534123
      0.17796875000000001       1.3838182172690958
               0.17828125       1.3653571443373365
               0.17859375       1.3491273217071198
      0.17890625000000002        1.335382745470469
      0.17921875000000001       1.3227064443046812
               0.17953125       1.3090030545583391
               0.17984375       1.2940320142265191
      0.18007812500000001       1.2821307327984865
              0.180234375       1.2730537557923745
              0.180390625       1.2629512052006393
              0.180546875       1.2548623346229946
      0.18070312499999999       1.2474562003043328
      0.18085937500000002       1.2376460281816317
      0.18101562500000001       1.2253411877754399
      0.18117187500000001         1.21251305990175
      0.18132812500000001       1.2006385271725377
              0.181484375       1.1902229152369366
              0.181640625       1.1810420830140227
              0.181796875       1.1723687063943662
      0.18195312499999999       1.1633880779366121
      0.18210937499999999       1.1532763102607506
      0.18226562500000001       1.1414830540419425
      0.18242187500000001       1.1282744160959277
      0.18257812500000001       1.1147066670559524
              0.182734375       1.1014358321486162
              0.182890625         1.08790083416535
              0.183046875       1.0734085694382285
      0.18320312499999999       1.0577831948304577
      0.18335937499999999       1.0419652364248373
      0.18351562500000002       1.0268817583908976
      0.18367187500000001       1.0127771455871961
      0.18382812500000001      0.99963655459962686
      0.18398437500000001      0.98709229869964255
              0.184140625      0.97464288850826053
              0.184296875      0.96171963201999588
              0.184453125      0.94813073819565974
      0.18460937499999999      0.93427212200208665
      0.18476562500000002      0.92024465112568932
      0.18492187500000001      0.90636730637245966
      0.18503906249999999       0.8965651359696255
             0.1851171875      0.89084803464721318
      0.18519531250000001      0.88527849462253572
             0.1852734375      0.87829593882871759
      0.18535156250000001      0.86926136945651278
             0.1854296875      0.85994055444021034
      0.18550781250000001       0.8546056567779452
      0.18558593749999999      0.86153372252468818
             0.1856640625      0.88873292312940844
      0.18574218750000002      0.92033023100977529
             0.1858203125      0.93627126340827549
      0.18589843750000001      0.93587920043358586
             0.1859765625      0.92960885169405238
      0.18605468750000001      0.92173710133193343
      0.18613281249999999      0.91437961464188922
      0.18621093750000001      0.90812177004444095
      0.18628906249999999      0.90249922947339356
             0.1863671875      0.89687094810153489
      0.18644531250000002      0.89120999596745465
             0.1865234375      0.88602840650778503
      0.18660156250000001       0.8818733911249037
             0.1866796875      0.87948365025332875
      0.18675781250000001      0.88098078765050725
      0.18683593749999999      0.91336479293089623
      0.18691406250000001       1.0281209076164279
      0.18699218750000002       1.1335834230858837
             0.1870703125       1.1619782969823562
      0.18714843750000001       1.1618394907042997
             0.1872265625       1.1590141600652302
      0.18730468750000001       1.1561251760126987
             0.1873828125       1.1535396065411336
      0.18746093750000001       1.1497979257634654
      0.18757812500000001       1.1416586100083628
      0.18773437500000001       1.1283024722838526
      0.18789062500000001       1.1133111535675064
              0.188046875       1.0984916037510442
              0.188203125       1.0849326683904712
              0.188359375       1.0742293699634364
      0.18851562499999999       1.0681446463211441
      0.18867187500000002       1.0674674954858743
      0.18882812500000001       1.0717249300842011
      0.18898437500000001       1.0797805167887473
      0.18914062500000001       1.0913198643850202
              0.189296875       1.1082002181543655
              0.189453125       1.1345956127119632
              0.189609375       1.1720273546283588
      0.18976562499999999       1.2140282764900894
      0.18992187500000002       1.2507696976687068
               0.19015625       1.2653912442986548
      0.19046874999999999       1.2733640444721894
      0.19078125000000001       1.2784886816427417
      0.19109375000000001       1.2859554457671871
               0.19140625       1.2957969047140487
      0.19171874999999999       1.3095126272594153
      0.19203125000000001       1.3277660795311914
      0.19234375000000001       1.3451872305174073
               0.19265625       1.3509410621864799
      0.19296874999999999       1.3410459953354823
      0.19328125000000002       1.3226934155489043
      0.19359375000000001       1.3049097222489907
               0.19390625        1.297827545922972
               0.19421875       1.3071507277003847
      0.19453125000000002       1.3250827510066583
      0.19484375000000001       1.3401903259529526
               0.19515625       1.3483294130058461
               0.19546875       1.3521125310265654
      0.19578125000000002       1.3564677446984454
      0.19609375000000001       1.3637032292348941
               0.19640625       1.3727486091572891
               0.19671875       1.3814576552982039
      0.19703124999999999       1.3894555359580774
      0.19734375000000001       1.3960238625702575
      0.19765625000000001       1.3998953337282354
               0.19796875        1.402095822645673
      0.19828124999999999       1.4068163275441865
      0.19859375000000001       1.4193718370542885
      0.19890625000000001       1.4396000480773736
               0.19921875       1.4600529190754956
      0.19953124999999999       1.4710492056725948
      0.19984375000000001       1.4695141014264066
      0.20015625000000001       1.4614449376969454
               0.20046875       1.4538858340076863
      0.20078124999999999       1.4480833078230477
      0.20109375000000002       1.4424259540446396
      0.20140625000000001       1.4345573480384024
               0.20171875       1.4221937233921433
               0.20203125       1.4072678898054498
      0.20234375000000002       1.3943029002964922
      0.20265625000000001       1.3865019792695885
               0.20296875       1.3837549518492587
               0.20328125       1.3833852218090166
      0.20359375000000002       1.3828159732660801
      0.20390625000000001       1.3807610972971212
               0.20421875       1.3766046796028788
               0.20453125       1.3700226171872749
      0.20484374999999999       1.3608299352802122
      0.20515625000000001       1.3493212286355907
      0.20546875000000001       1.3359166401825771
               0.20578125       1.3212156504384622
      0.20609374999999999       1.3064472848782831
      0.20640625000000001       1.2934171136860979
      0.20671875000000001       1.2837805044255763
               0.20703125       1.2779449015094049
      0.20734374999999999       1.2748210140482592
      0.20765625000000001       1.2728164634935342
      0.20796875000000001       1.2710359194155727
               0.20828125       1.2692204941867913
      0.20859374999999999       1.2667701797645843
      0.20890625000000002       1.2620475892747074
      0.20921875000000001        1.253565016458724
               0.20953125       1.2413740545683865
               0.20984375       1.2304139457128014
              0.210078125       1.2246368196666344
              0.210234375       1.2197968229784901
              0.210390625       1.2116192191766353
      0.21054687499999999       1.2016297362479329
      0.21070312499999999       1.1932967879229708
      0.21085937500000002       1.1876277480653288
      0.21101562500000001       1.1828383890406917
      0.21117187500000001       1.1766900200066963
      0.21132812500000001       1.1684043170343292
              0.211484375       1.1588646705983345
              0.211640625       1.1494308691518049
              0.211796875       1.1408965259543145
      0.21195312499999999       1.1330103884241469
      0.21210937500000002       1.1250993488501619
      0.21226562500000001       1.1168087485365132
      0.21242187500000001       1.1082160158496515
      0.21257812500000001       1.0992054039329164
              0.212734375       1.0898177840681469
              0.212890625       1.0802818496376554
              0.213046875       1.0707333386036455
      0.21320312499999999       1.0613181374528613
      0.21335937500000002       1.0522661967429983
      0.21351562500000001       1.0436344082472251
      0.21367187500000001       1.0353334579873006
      0.21382812500000001       1.0271633604812611
              0.213984375       1.0187576409561538
              0.214140625       1.0097528547884844
              0.214296875       1.0003082234454148
      0.21445312499999999      0.99087701841628872
      0.21460937499999999      0.98177973128360096
      0.21476562500000002      0.97207715555747276
      0.21492187500000001       0.9629306512902609
      0.21503906250000002      0.95930760712878349
             0.2151171875      0.95499879763632944
      0.21519531250000001      0.95028733342476746
             0.2152734375      0.94469860939659445
      0.21535156250000001       0.9379641045955065
      0.21542968749999999       0.9316136649417206
      0.21550781250000001       0.9271128139399516
      0.21558593749999999      0.92430573205844058
             0.2156640625      0.92218368860236977
      0.21574218750000002      0.92054343707386022
             0.2158203125      0.92080289759385969
      0.21589843750000001       0.9253005409196764
             0.2159765625      0.93394920103504275
      0.21605468750000001      0.94373252017566633
      0.21613281249999999      0.95116889808051408
      0.21621093750000001      0.95418641942013704
      0.21628906250000002      0.95269694491595236
             0.2163671875      0.94782536592621569
      0.21644531250000001      0.94075995605218721
             0.2165234375      0.93246859321364461
      0.21660156250000001      0.92366134310053183
             0.2166796875      0.91485060609104107
      0.21675781250000001      0.90647819145635544
      0.21683593749999999      0.89885964449565325
             0.2169140625         0.89192484416758
      0.21699218750000002      0.88517149606043699
             0.2170703125      0.87905793801984866
      0.21714843750000001      0.87571543646780137
             0.2172265625      0.88925945901610326
      0.21730468750000001      0.98914733671269006
      0.21738281249999999       1.1304409147888219
      0.21746093750000001        1.184186093498202
      0.21757812500000001       1.1757434906449153
      0.21773437500000001       1.1511583290555323
              0.217890625       1.1211609579140795
              0.218046875       1.0953747843975485
              0.218203125       1.0734500740718382
      0.21835937499999999       1.0530129918008078
      0.21851562499999999       1.0340022976259402
      0.21867187500000002        1.017621089860052
      0.21882812500000001       1.0046503107103357
      0.21898437500000001      0.99520820294288093
      0.21914062500000001      0.98870860858840071
              0.219296875      0.98488381447828777
              0.219453125        0.986158819440761
              0.219609375        1.004338548020784
      0.21976562499999999       1.0428169077628162
      0.21992187500000002       1.0745752300342368
               0.22015625        1.084440929293317
      0.22046874999999999       1.0899912925308117
      0.22078125000000001       1.1076131000106768
      0.22109375000000001       1.1540521596632893
               0.22140625        1.196189684241018
      0.22171874999999999       1.2057849694160148
      0.22203125000000001       1.1959650490691791
      0.22234375000000001       1.1823562826441911
               0.22265625       1.1697772826223884
      0.22296874999999999       1.1607459741410058
      0.22328125000000001       1.1645334182906601
      0.22359375000000001       1.1983873193655126
               0.22390625       1.2449039085162794
      0.22421874999999999       1.2676045195318484
      0.22453125000000002       1.2589310732597827
      0.22484375000000001       1.2360812452999206
               0.22515625       1.2124082904041662
               0.22546875       1.1975324514499706
      0.22578125000000002       1.1963770409081143
      0.22609375000000001        1.208472273467184
               0.22640625       1.2276577427901951
               0.22671875        1.245614969635193
      0.22703125000000002       1.2571459412029078
      0.22734375000000001       1.2613190594570682
               0.22765625       1.2623785057172103
               0.22796875       1.2648092215384714
      0.22828124999999999       1.2702574516311451
      0.22859375000000001       1.2782356916637483
      0.22890625000000001       1.2856907866285843
               0.22921875       1.2893147678325578
      0.22953124999999999       1.2878841492328306
      0.22984375000000001       1.2828995049147749
      0.23015625000000001       1.2774800471153596
               0.23046875       1.2747193575655094
      0.23078124999999999       1.2771282093928669
      0.23109375000000001       1.2840941633844427
      0.23140625000000001       1.2919714239734454
               0.23171875       1.2976898455803769
      0.23203124999999999       1.3009608640228969
      0.23234375000000002          1.3035188858303
      0.23265625000000001       1.3068635217356481
               0.23296875       1.3122373514147256
               0.23328125       1.3184732168550577
      0.23359375000000002       1.3239221496302689
      0.23390625000000001       1.3260468307410118
               0.23421875       1.3249015140856546
               0.23453125       1.3234156203759235
      0.23484375000000002       1.3242718568298295
      0.23515625000000001       1.3275616898620728
               0.23546875       1.3307207975722497
               0.23578125       1.3321230359963832
      0.23609374999999999       1.3320183206662921
      0.23640625000000001        1.337189210988839
      0.23671875000000001       1.3590091543124421
               0.23703125       1.3859649963273375
      0.23734374999999999       1.4000355302315157
      0.23765625000000001       1.3968083828909332
      0.23796875000000001       1.3848262434561731
               0.23828125       1.3697146510867015
      0.23859374999999999       1.3542743424191395
      0.23890625000000001       1.3418442985778003
      0.23921875000000001       1.3328193398865975
               0.23953125       1.3285531114886164
      0.23984374999999999       1.3209035893195828
