3.906250000000000081e-05 2.034365998601944447e+00
1.171874999999999957e-04 2.034147255887154948e+00
1.953125000000000108e-04 2.033337491573678601e+00
2.734375000000000260e-04 2.031437477885256637e+00
3.515624999999999870e-04 2.028271585834183988e+00
4.296875000000000022e-04 2.023897897272872726e+00
5.078125000000000173e-04 2.018449212383849556e+00
5.859374999999999783e-04 2.012047598267271642e+00
6.640625000000000477e-04 2.004777260373044712e+00
7.421875000000000087e-04 1.996688859685519457e+00
8.203124999999999696e-04 1.987813301400426447e+00
8.984375000000000390e-04 1.978173417979474324e+00
9.765625000000000000e-04 1.967790487507256936e+00
1.054687500000000069e-03 1.956686714354765266e+00
1.132812499999999922e-03 1.944885652795886877e+00
1.210937499999999991e-03 1.932411959688096648e+00
1.289062500000000061e-03 1.919291098777230475e+00
1.367187500000000130e-03 1.905549152249106593e+00
1.445312499999999983e-03 1.891212716447706832e+00
1.523437500000000052e-03 1.876308834026708006e+00
1.601562500000000121e-03 1.860864933639109209e+00
1.679687499999999974e-03 1.844908766297797653e+00
1.757812500000000043e-03 1.828468337487965556e+00
1.835937500000000113e-03 1.811571836565499583e+00
1.914062499999999965e-03 1.794247564851239929e+00
1.992187500000000035e-03 1.776523863278609561e+00
2.070312500000000104e-03 1.758429040105596863e+00
2.148437500000000173e-03 1.739991299080006604e+00
2.226562500000000243e-03 1.721238668424820650e+00
2.304687499999999879e-03 1.702198931002929294e+00
2.382812499999999948e-03 1.682899556022700249e+00
2.460937500000000017e-03 1.663367632656064465e+00
2.539062500000000087e-03 1.643629805968079172e+00
2.617187500000000156e-03 1.623712215600304543e+00
2.695312500000000226e-03 1.603640437596955071e+00
2.773437499999999861e-03 1.583439429841709600e+00
2.851562499999999931e-03 1.563133481485007747e+00
2.929687500000000000e-03 1.542746166702421817e+00
3.007812500000000069e-03 1.522300303081927098e+00
3.085937500000000139e-03 1.501817914872990434e+00
3.164062500000000208e-03 1.481320201259589409e+00
3.242187500000000278e-03 1.460827509743817476e+00
3.320312499999999913e-03 1.440359314663130608e+00
3.398437499999999983e-03 1.419934200766405086e+00
3.476562500000000052e-03 1.399569851747167526e+00
3.554687500000000121e-03 1.379283043551682519e+00
3.632812500000000191e-03 1.359089642234630579e+00
3.710937500000000260e-03 1.339004606098335604e+00
3.789062499999999896e-03 1.319041991820919302e+00
3.867187499999999965e-03 1.299214964258690541e+00
3.945312500000000035e-03 1.279535809594485984e+00
4.023437500000000104e-03 1.260015951496462172e+00
4.101562500000000173e-03 1.240665969953864023e+00
4.179687500000000243e-03 1.221495622463100839e+00
4.257812500000000312e-03 1.202513867247172463e+00
4.335937500000000382e-03 1.183728888204136354e+00
4.414062500000000451e-03 1.165148121295205508e+00
4.492187500000000520e-03 1.146778282099645718e+00
4.570312499999999722e-03 1.128625394281207894e+00
4.648437499999999792e-03 1.110694818728905853e+00
4.726562499999999861e-03 1.092991283153161852e+00
4.804687499999999931e-03 1.075518911935710920e+00
4.882812500000000000e-03 1.058281256048001051e+00
4.960937500000000069e-03 1.041281322868009784e+00
5.039062500000000139e-03 1.024521605741538499e+00
5.117187500000000208e-03 1.008004113151558689e+00
5.195312500000000278e-03 9.917303973808520023e-01
5.273437500000000347e-03 9.757015825719719260e-01
5.351562500000000416e-03 9.599183921054516011e-01
5.429687500000000486e-03 9.443811752319558606e-01
5.507812499999999688e-03 9.290899328979356220e-01
5.585937499999999757e-03 9.140443427075309879e-01
5.664062499999999827e-03 8.992437829724112541e-01
5.742187499999999896e-03 8.846873558182396513e-01
5.820312499999999965e-03 8.703739093369445845e-01
5.898437500000000035e-03 8.563020587910949999e-01
5.976562500000000104e-03 8.424702068798358701e-01
6.054687500000000173e-03 8.288765630643809557e-01
6.132812500000000243e-03 8.155191619272470493e-01
6.210937500000000312e-03 8.023958805227056068e-01
6.289062500000000382e-03 7.895044546741528668e-01
6.367187500000000451e-03 7.768424942197599270e-01
6.445312500000000520e-03 7.644074972429336645e-01
6.523437499999999722e-03 7.521968633573342666e-01
6.601562499999999792e-03 7.402079062554975941e-01
6.679687499999999861e-03 7.284378656728492940e-01
6.757812499999999931e-03 7.168839190366637082e-01
6.835937500000000000e-03 7.055431926364359452e-01
6.914062500000000069e-03 6.944127722284600956e-01
6.992187500000000139e-03 6.834897122241144762e-01
7.070312500000000208e-03 6.727710443289880438e-01
7.148437500000000278e-03 6.622537856231655029e-01
7.226562500000000347e-03 6.519349487985420799e-01
7.304687500000000416e-03 6.418115519491602861e-01
7.382812500000000486e-03 6.318806310084448263e-01
7.460937500000000555e-03 6.221392523919729856e-01
7.539062499999999757e-03 6.125845370983659111e-01
7.617187499999999827e-03 6.032136943108804550e-01
7.695312499999999896e-03 5.940240604698368010e-01
7.773437499999999965e-03 5.850131422049567043e-01
7.851562500000000902e-03 5.761786243581109579e-01
7.929687500000000971e-03 5.675184269091870792e-01
8.007812499999999306e-03 5.590305748693489285e-01
8.085937499999999375e-03 5.507133705933568990e-01
8.164062499999999445e-03 5.425649194057720059e-01
8.242187499999999514e-03 5.345830906056057152e-01
8.320312499999999584e-03 5.267643723638268938e-01
8.398437499999999653e-03 5.191042654396005318e-01
8.476562499999999722e-03 5.115951185644929122e-01
8.554687499999999792e-03 5.042273982031741930e-01
8.632812499999999861e-03 4.969839765004844256e-01
8.710937499999999931e-03 4.898485981582950122e-01
8.789062500000000000e-03 4.827969734321574391e-01
8.867187500000000069e-03 4.758164497506212620e-01
8.945312500000000139e-03 4.689255520132193378e-01
9.023437500000000208e-03 4.624557552034559982e-01
9.101562500000000278e-03 4.601884157863828095e-01
9.179687500000000347e-03 4.824586338354772130e-01
9.257812500000000416e-03 5.275047853332170966e-01
9.335937500000000486e-03 6.304340474907986769e-01
9.414062500000000555e-03 8.480604070858156485e-01
9.492187500000000625e-03 1.183721983519041565e+00
9.570312500000000694e-03 1.466827964435573062e+00
9.648437500000000763e-03 1.605456074965743163e+00
9.726562500000000833e-03 1.621133674788138856e+00
9.804687500000000902e-03 1.601207043102220062e+00
9.882812500000000971e-03 1.586428657369668205e+00
9.960937500000001041e-03 1.576132692288228387e+00
1.003906249999999938e-02 1.566215746053644331e+00
1.011718749999999944e-02 1.559033274654725965e+00
1.019531249999999951e-02 1.557439710632478880e+00
1.027343749999999958e-02 1.562214511414201423e+00
1.035156249999999965e-02 1.572044110930318928e+00
1.042968749999999972e-02 1.585550250486899904e+00
1.050781249999999979e-02 1.601037665270454990e+00
1.058593749999999986e-02 1.617176360857766282e+00
1.066406249999999993e-02 1.633520438038173817e+00
1.074218750000000000e-02 1.650914947856914727e+00
1.082031250000000007e-02 1.669427220431705550e+00
1.089843750000000014e-02 1.686178826551121723e+00
1.097656250000000021e-02 1.700162107010314561e+00
1.105468750000000028e-02 1.715368653492301609e+00
1.113281250000000035e-02 1.734224192269923526e+00
1.121093750000000042e-02 1.753684231004194460e+00
1.128906250000000049e-02 1.768910815575391871e+00
1.136718750000000056e-02 1.781450048477891235e+00
1.144531250000000062e-02 1.802259630056896933e+00
1.152343750000000069e-02 1.838160789773874759e+00
1.160156250000000076e-02 1.874874709547379004e+00
1.167968750000000083e-02 1.899925392478243547e+00
1.175781250000000090e-02 1.909690968047035531e+00
1.183593750000000097e-02 1.906189147502772130e+00
1.191406250000000104e-02 1.895440285071458675e+00
1.199218750000000111e-02 1.885216884373107415e+00
1.207031249999999944e-02 1.883261448577329578e+00
1.214843749999999951e-02 1.889597558293687030e+00
1.222656249999999958e-02 1.895897815599536962e+00
1.230468749999999965e-02 1.898045616108144040e+00
1.238281249999999972e-02 1.895326164578876593e+00
1.246093749999999979e-02 1.888583664906627879e+00
1.253906249999999986e-02 1.880400543819209958e+00
1.261718749999999993e-02 1.871763397378117144e+00
1.269531250000000000e-02 1.863646972049736839e+00
1.277343750000000007e-02 1.857933780859998052e+00
1.285156250000000014e-02 1.855211347525232979e+00
1.292968750000000021e-02 1.853399630677734944e+00
1.300781250000000028e-02 1.849611525486256625e+00
1.308593750000000035e-02 1.842354203615532926e+00
1.316406250000000042e-02 1.832177238210499715e+00
1.324218750000000049e-02 1.820659608205421609e+00
1.332031250000000056e-02 1.810018798740161694e+00
1.339843750000000062e-02 1.800933963712681996e+00
1.347656250000000069e-02 1.791861685861284137e+00
1.355468750000000076e-02 1.781574811294490690e+00
1.363281250000000083e-02 1.770551944526162824e+00
1.371093750000000090e-02 1.760022976119150595e+00
1.378906250000000097e-02 1.751055017560672944e+00
1.386718750000000104e-02 1.744339985358775325e+00
1.394531250000000111e-02 1.739736133742566970e+00
1.402343749999999944e-02 1.736652316155725906e+00
1.410156249999999951e-02 1.733814542751279442e+00
1.417968749999999958e-02 1.729337341348983426e+00
1.425781249999999965e-02 1.722517208367460029e+00
1.433593749999999972e-02 1.714529602721415857e+00
1.441406249999999979e-02 1.707158232482819393e+00
1.449218749999999986e-02 1.701868738946427539e+00
1.457031249999999993e-02 1.699478346359101666e+00
1.464843750000000000e-02 1.698493323901106855e+00
1.472656250000000007e-02 1.696326274059397399e+00
1.480468750000000014e-02 1.692189902170607496e+00
1.488281250000000021e-02 1.687765301540459673e+00
1.496093750000000028e-02 1.683779938382403918e+00
1.503906250000000035e-02 1.678282235394465749e+00
1.511718750000000042e-02 1.669339786397220360e+00
1.519531250000000049e-02 1.656990262751355969e+00
1.527343750000000056e-02 1.643270679104872123e+00
1.535156250000000062e-02 1.630205935641245496e+00
1.542968750000000069e-02 1.618473285158505970e+00
1.550781250000000076e-02 1.607742443281982903e+00
1.558593750000000083e-02 1.597649313892577139e+00
1.566406249999999917e-02 1.587769461501568724e+00
1.574218750000000097e-02 1.577546030525853293e+00
1.582031249999999931e-02 1.566931398620987848e+00
1.589843750000000111e-02 1.556575918325965757e+00
1.597656249999999944e-02 1.546984210832033746e+00
1.605468750000000125e-02 1.537952874006607296e+00
1.613281249999999958e-02 1.529329699810108467e+00
1.621093750000000139e-02 1.520409784402364961e+00
1.628906249999999972e-02 1.510594554073323215e+00
1.636718750000000153e-02 1.499962535696457433e+00
1.644531249999999986e-02 1.488797422541460413e+00
1.652343750000000167e-02 1.477117636853465754e+00
1.660156250000000000e-02 1.464884474720070884e+00
1.667968750000000180e-02 1.452239636305385551e+00
1.675781250000000014e-02 1.439399137656935501e+00
1.683593750000000194e-02 1.426505306892940972e+00
1.691406250000000028e-02 1.413237128192194270e+00
1.699218750000000208e-02 1.399040902343008375e+00
1.707031250000000042e-02 1.383659494590635752e+00
1.714843749999999875e-02 1.367236037245049385e+00
1.722656250000000056e-02 1.350114163052929861e+00
1.730468749999999889e-02 1.332702877997449242e+00
1.738281250000000069e-02 1.315320037281823673e+00
1.746093749999999903e-02 1.298230643611941293e+00
1.753906250000000083e-02 1.281642246291932796e+00
1.761718749999999917e-02 1.265614050245136069e+00
1.769531250000000097e-02 1.250141053845920114e+00
1.777343749999999931e-02 1.235186264866348083e+00
1.785156250000000111e-02 1.220677218795175101e+00
1.792968749999999944e-02 1.206475283564858225e+00
1.800781250000000125e-02 1.192410783535301055e+00
1.808593749999999958e-02 1.178339948396469605e+00
1.816406250000000139e-02 1.164186945914257088e+00
1.824218749999999972e-02 1.149959510033869980e+00
1.832031250000000153e-02 1.135779946789965855e+00
1.839843749999999986e-02 1.121828732644567950e+00
1.847656250000000167e-02 1.108227777315514917e+00
1.855468750000000000e-02 1.095010889214148131e+00
1.863281250000000180e-02 1.082112188175953671e+00
1.871093750000000014e-02 1.069380462683657385e+00
1.878906250000000194e-02 1.056624725673709575e+00
1.886718750000000028e-02 1.043729618169023876e+00
1.894531250000000208e-02 1.030714968555311195e+00
1.902343750000000042e-02 1.017692533287190226e+00
1.910156249999999875e-02 1.004798341590294575e+00
1.917968750000000056e-02 9.921507056220794096e-01
1.925781249999999889e-02 9.798291190051114929e-01
1.933593750000000069e-02 9.678498075073905804e-01
1.941406249999999903e-02 9.561858440458588237e-01
1.949218750000000083e-02 9.447721759199610991e-01
1.957031249999999917e-02 9.335731098327101352e-01
1.964843750000000097e-02 9.225980192817669900e-01
1.972656249999999931e-02 9.118925026787206845e-01
1.980468750000000111e-02 9.015288109471407685e-01
1.988281249999999944e-02 8.915547989061276546e-01
1.996093750000000125e-02 8.820005170307636533e-01
2.003906249999999958e-02 8.729055544307995351e-01
2.011718750000000139e-02 8.643574700779398379e-01
2.019531249999999972e-02 8.564636529753859584e-01
2.027343750000000153e-02 8.492384889600627096e-01
2.035156249999999986e-02 8.425521495131315097e-01
2.042968750000000167e-02 8.361462544197604263e-01
2.050781250000000000e-02 8.298846854647644600e-01
2.058593750000000180e-02 8.238064135047251657e-01
2.066406250000000014e-02 8.180676757755253048e-01
2.074218750000000194e-02 8.128223324158153629e-01
2.082031250000000028e-02 8.080748931731123186e-01
2.089843750000000208e-02 8.037378594296364920e-01
2.097656250000000042e-02 7.996521974283760104e-01
2.105468749999999875e-02 7.958858783244809887e-01
2.113281250000000056e-02 7.932915389901099568e-01
2.121093749999999889e-02 7.960516303909822566e-01
2.128906250000000069e-02 8.066639653181985059e-01
2.136718749999999903e-02 8.224943373582922490e-01
2.144531250000000083e-02 8.433258585889041870e-01
2.152343749999999917e-02 8.809603471562944543e-01
2.160156250000000097e-02 9.160361519491142523e-01
2.167968749999999931e-02 9.305589206358040322e-01
2.175781250000000111e-02 9.368059045415004782e-01
2.183593749999999944e-02 9.356141852934553027e-01
2.191406250000000125e-02 9.345419760107493978e-01
2.199218749999999958e-02 9.463474805407103840e-01
2.207031250000000139e-02 9.815594349723917311e-01
2.214843749999999972e-02 1.014873444922382850e+00
2.222656250000000153e-02 1.054269513551136406e+00
2.230468749999999986e-02 1.098859610015234356e+00
2.238281250000000167e-02 1.130847187079133898e+00
2.246093750000000000e-02 1.163497155520049287e+00
2.253906250000000180e-02 1.187669705941864606e+00
2.261718750000000014e-02 1.189144048175056811e+00
2.269531250000000194e-02 1.192174733833392120e+00
2.277343750000000028e-02 1.213281746918918769e+00
2.285156250000000208e-02 1.253640997691390924e+00
2.292968750000000042e-02 1.300314981510188206e+00
2.300781249999999875e-02 1.334501431547857830e+00
2.308593750000000056e-02 1.360735325157669262e+00
2.316406249999999889e-02 1.372822469087125574e+00
2.324218750000000069e-02 1.383727072240204414e+00
2.332031249999999903e-02 1.397956548709490265e+00
2.339843750000000083e-02 1.409384106603353892e+00
2.347656249999999917e-02 1.428893935302528506e+00
2.355468750000000097e-02 1.448049432397164660e+00
2.363281249999999931e-02 1.468311296256593179e+00
2.371093750000000111e-02 1.494537683934037187e+00
2.378906249999999944e-02 1.514979831625949291e+00
2.386718750000000125e-02 1.533193184923544949e+00
2.394531249999999958e-02 1.547572475999462460e+00
2.402343750000000139e-02 1.555260159392594321e+00
2.410156249999999972e-02 1.557436651632785996e+00
2.417968750000000153e-02 1.556485071746654958e+00
2.425781249999999986e-02 1.555529892699505812e+00
2.433593750000000167e-02 1.557183672106126071e+00
2.441406250000000000e-02 1.562893419738328626e+00
2.449218750000000180e-02 1.566151608098570902e+00
2.457031250000000014e-02 1.564496340443847222e+00
2.464843750000000194e-02 1.563626619021412090e+00
2.472656250000000028e-02 1.565662146453585590e+00
2.480468750000000208e-02 1.565988129484119362e+00
2.488281250000000042e-02 1.563389904786954610e+00
2.496093750000000222e-02 1.560102140093987622e+00
2.503906250000000056e-02 1.557047161278596992e+00
2.511718749999999889e-02 1.554410854246066620e+00
2.519531250000000069e-02 1.553287961342521228e+00
2.527343749999999903e-02 1.553744975782886950e+00
2.535156250000000083e-02 1.553922577363350488e+00
2.542968749999999917e-02 1.553823534615621504e+00
2.550781250000000097e-02 1.557528260138266063e+00
2.558593749999999931e-02 1.561316690989880351e+00
2.566406250000000111e-02 1.559983503673811889e+00
2.574218749999999944e-02 1.555910013041016837e+00
2.582031250000000125e-02 1.553117383502206073e+00
2.589843749999999958e-02 1.553147118872217014e+00
2.597656250000000139e-02 1.556007645152017504e+00
2.605468749999999972e-02 1.561122201058050551e+00
2.613281250000000153e-02 1.570425850331708340e+00
2.621093749999999986e-02 1.578459865223419856e+00
2.628906250000000167e-02 1.578910171284539032e+00
2.636718750000000000e-02 1.575115183794180140e+00
2.644531250000000180e-02 1.570515103539514623e+00
2.652343750000000014e-02 1.565840233700023676e+00
2.660156250000000194e-02 1.562186639398309929e+00
2.667968750000000028e-02 1.560146035793699149e+00
2.675781250000000208e-02 1.559031106031650404e+00
2.683593750000000042e-02 1.557156618162152339e+00
2.691406250000000222e-02 1.553960749206003022e+00
2.699218750000000056e-02 1.552958460011809594e+00
2.707031249999999889e-02 1.560366774918622079e+00
2.714843750000000069e-02 1.569516001299478880e+00
2.722656249999999903e-02 1.569426755396653883e+00
2.730468750000000083e-02 1.563141487650129280e+00
2.738281249999999917e-02 1.556665192806276243e+00
2.746093750000000097e-02 1.551306658212228129e+00
2.753906249999999931e-02 1.547523406368640941e+00
2.761718750000000111e-02 1.545747059263268497e+00
2.769531249999999944e-02 1.543516177752416674e+00
2.777343750000000125e-02 1.539404227512694012e+00
2.785156249999999958e-02 1.534958425902909873e+00
2.792968750000000139e-02 1.532056233898448250e+00
2.800781249999999972e-02 1.533370318729294191e+00
2.808593750000000153e-02 1.531023759914163840e+00
2.816406249999999986e-02 1.523269715129905721e+00
2.824218750000000167e-02 1.514868516978289836e+00
2.832031250000000000e-02 1.508355376228616151e+00
2.839843750000000180e-02 1.503240560616350141e+00
2.847656250000000014e-02 1.497981564967250101e+00
2.855468750000000194e-02 1.492295894002906742e+00
2.863281250000000028e-02 1.487133420836488584e+00
2.871093750000000208e-02 1.482514753081402681e+00
2.878906250000000042e-02 1.481245837883898631e+00
2.886718750000000222e-02 1.489545527319590779e+00
2.894531250000000056e-02 1.497408728596876903e+00
2.902343749999999889e-02 1.495201472724046132e+00
2.910156250000000069e-02 1.490509838948523846e+00
2.917968749999999903e-02 1.487228728877668660e+00
2.925781250000000083e-02 1.481862899518055166e+00
2.933593749999999917e-02 1.473229570766435792e+00
2.941406250000000097e-02 1.463641259982713327e+00
2.949218749999999931e-02 1.454651059381311562e+00
2.957031250000000111e-02 1.444611766337967618e+00
2.964843749999999944e-02 1.433470114164569154e+00
2.972656250000000125e-02 1.422762270497100134e+00
2.980468749999999958e-02 1.413103948377439911e+00
2.988281250000000139e-02 1.404154506985439532e+00
2.996093749999999972e-02 1.395395192931385031e+00
3.003906250000000153e-02 1.386194067760726067e+00
3.011718749999999986e-02 1.376763907256409514e+00
3.019531250000000167e-02 1.367688658850612082e+00
3.027343750000000000e-02 1.359120607610662113e+00
3.035156250000000180e-02 1.350953428697210912e+00
3.042968750000000014e-02 1.344740402295167669e+00
3.050781250000000194e-02 1.340621085869578177e+00
3.058593750000000028e-02 1.335590307559601397e+00
3.066406250000000208e-02 1.328420803571274122e+00
3.074218750000000042e-02 1.319883163189405240e+00
3.082031250000000222e-02 1.310211111422543651e+00
3.089843750000000056e-02 1.299890199352257802e+00
3.097656250000000236e-02 1.290003694063222017e+00
3.105468750000000069e-02 1.281094855484164796e+00
3.113281249999999903e-02 1.273435986742567527e+00
3.121093750000000083e-02 1.266551587972519100e+00
3.128906249999999917e-02 1.259701196712457172e+00
3.136718749999999750e-02 1.252992069551405185e+00
3.144531250000000278e-02 1.246894247549552137e+00
3.152343750000000111e-02 1.241561871302772957e+00
3.160156249999999944e-02 1.236910007814626455e+00
3.167968749999999778e-02 1.232912881691144324e+00
3.175781250000000305e-02 1.229723189113550719e+00
3.183593750000000139e-02 1.227826704833160587e+00
3.191406249999999972e-02 1.227754702836133971e+00
3.199218749999999806e-02 1.229443709334794299e+00
3.207031250000000333e-02 1.231833579812493085e+00
3.214843750000000167e-02 1.233707770005524340e+00
3.222656250000000000e-02 1.234223883346476924e+00
3.230468749999999833e-02 1.233008625566382133e+00
3.238281250000000361e-02 1.229952615754755563e+00
3.246093750000000194e-02 1.225651328159305553e+00
3.253906250000000028e-02 1.219678257029999768e+00
3.261718749999999861e-02 1.212287705994970377e+00
3.269531250000000389e-02 1.205571440324975763e+00
3.277343750000000222e-02 1.200899915147339403e+00
3.285156250000000056e-02 1.197420676177304522e+00
3.292968749999999889e-02 1.194078423880345685e+00
3.300781249999999722e-02 1.192035019516212602e+00
3.308593750000000250e-02 1.190372910287789132e+00
3.316406250000000083e-02 1.189093361386998726e+00
3.324218749999999917e-02 1.188408081370742719e+00
3.332031249999999750e-02 1.186212147535327999e+00
3.339843750000000278e-02 1.182346184073334250e+00
3.347656250000000111e-02 1.179024560594657212e+00
3.355468749999999944e-02 1.177084744758205126e+00
3.363281249999999778e-02 1.176071526120876065e+00
3.371093750000000305e-02 1.178840207305431376e+00
3.378906250000000139e-02 1.187801699294785962e+00
3.386718749999999972e-02 1.193588991890849549e+00
3.394531249999999806e-02 1.194146012663078515e+00
3.402343750000000333e-02 1.192969057870072014e+00
3.410156250000000167e-02 1.192929116344713103e+00
3.417968750000000000e-02 1.195650852902843120e+00
3.425781249999999833e-02 1.202262618241248582e+00
3.433593750000000361e-02 1.208320049458358580e+00
3.441406250000000194e-02 1.211370810840356915e+00
3.449218750000000028e-02 1.212706736004332875e+00
3.457031249999999861e-02 1.213234187698272404e+00
3.464843750000000389e-02 1.215224113838567765e+00
3.472656250000000222e-02 1.228420686566306763e+00
3.480468750000000056e-02 1.251205956030272404e+00
3.488281249999999889e-02 1.262862851102452888e+00
3.496093750000000416e-02 1.267345404536668774e+00
3.503906250000000250e-02 1.268828153765454880e+00
3.511718750000000083e-02 1.268406738972430503e+00
3.519531249999999917e-02 1.265232966141084825e+00
3.527343749999999750e-02 1.261244859826544218e+00
3.535156250000000278e-02 1.261011528535872062e+00
3.542968750000000111e-02 1.266011564870347605e+00
3.550781249999999944e-02 1.274554297251478951e+00
3.558593749999999778e-02 1.281321524556350955e+00
3.566406250000000305e-02 1.284143633068614676e+00
3.574218750000000139e-02 1.285565477644772692e+00
3.582031249999999972e-02 1.291148088770653457e+00
3.589843749999999806e-02 1.303242611805473183e+00
3.597656250000000333e-02 1.307319763662361467e+00
3.605468750000000167e-02 1.302443908775587245e+00
3.613281250000000000e-02 1.296240553645878979e+00
3.621093749999999833e-02 1.291339833125093817e+00
3.628906250000000361e-02 1.288528072550978232e+00
3.636718750000000194e-02 1.291139592023744953e+00
3.644531250000000028e-02 1.296863954369357641e+00
3.652343749999999861e-02 1.295934100390550014e+00
3.660156250000000389e-02 1.290916194172460063e+00
3.667968750000000222e-02 1.286231915187852293e+00
3.675781250000000056e-02 1.282979562801914941e+00
3.683593749999999889e-02 1.283406977246544400e+00
3.691406250000000416e-02 1.293499402081588423e+00
3.699218750000000250e-02 1.301329127605908242e+00
3.707031250000000083e-02 1.302165401188183580e+00
3.714843749999999917e-02 1.302847870078658765e+00
3.722656249999999750e-02 1.303243703007918475e+00
3.730468750000000278e-02 1.308686499092204025e+00
3.738281250000000111e-02 1.325095340631174512e+00
3.746093749999999944e-02 1.359162747773801971e+00
3.753906249999999778e-02 1.387972451085483616e+00
3.761718750000000305e-02 1.392120814069355283e+00
3.769531250000000139e-02 1.384847393371495539e+00
3.777343749999999972e-02 1.376610202664140026e+00
3.785156249999999806e-02 1.368697796230106123e+00
3.792968750000000333e-02 1.361764263803915354e+00
3.800781250000000167e-02 1.356277073019351409e+00
3.808593750000000000e-02 1.351364470659698336e+00
3.816406249999999833e-02 1.345880325290857993e+00
3.824218750000000361e-02 1.340154708110632642e+00
3.832031250000000194e-02 1.335543645149611880e+00
3.839843750000000028e-02 1.335531989460185809e+00
3.847656249999999861e-02 1.337948661413264295e+00
3.855468750000000389e-02 1.338025929181218876e+00
3.863281250000000222e-02 1.338681832391518833e+00
3.871093750000000056e-02 1.337172132834024474e+00
3.878906249999999889e-02 1.334027104359947202e+00
3.886718750000000416e-02 1.332691455952664583e+00
3.894531250000000250e-02 1.333053769426109092e+00
3.902343750000000083e-02 1.335306373418505776e+00
3.910156249999999917e-02 1.342890290134735487e+00
3.917968749999999750e-02 1.355243682527538018e+00
3.925781250000000278e-02 1.370329849951978485e+00
3.933593750000000111e-02 1.391949769464649433e+00
3.941406249999999944e-02 1.403122013993511219e+00
3.949218749999999778e-02 1.403828856713291717e+00
3.957031250000000305e-02 1.401709662229416953e+00
3.964843750000000139e-02 1.400561892641722483e+00
3.972656249999999972e-02 1.404767036728360674e+00
3.980468749999999806e-02 1.405806372820838757e+00
3.988281250000000333e-02 1.401038472644903887e+00
3.996093750000000167e-02 1.399434254532949673e+00
4.003906250000000000e-02 1.409727279345874607e+00
4.011718749999999833e-02 1.420424607996962685e+00
4.019531250000000361e-02 1.428204505659660839e+00
4.027343750000000194e-02 1.438045179656970651e+00
4.035156250000000028e-02 1.443675954506622894e+00
4.042968749999999861e-02 1.449957768703170835e+00
4.050781250000000389e-02 1.456674454573593458e+00
4.058593750000000222e-02 1.457078410296541060e+00
4.066406250000000056e-02 1.454351198287533675e+00
4.074218749999999889e-02 1.452526705773383053e+00
4.082031250000000416e-02 1.453043392996072880e+00
4.089843750000000250e-02 1.456202508322735234e+00
4.097656250000000083e-02 1.471668916412864903e+00
4.105468749999999917e-02 1.487371340193448965e+00
4.113281249999999750e-02 1.484180797781474492e+00
4.121093750000000278e-02 1.471879455918887913e+00
4.128906250000000111e-02 1.461202751334455430e+00
4.136718749999999944e-02 1.453660733585942388e+00
4.144531249999999778e-02 1.448511752212754189e+00
4.152343750000000305e-02 1.444556049186734636e+00
4.160156250000000139e-02 1.441174372424019579e+00
4.167968749999999972e-02 1.438390569911858874e+00
4.175781249999999806e-02 1.435983062660769471e+00
4.183593750000000333e-02 1.433845141159774572e+00
4.191406250000000167e-02 1.431708529750074455e+00
4.199218750000000000e-02 1.429063559980114251e+00
4.207031249999999833e-02 1.425621921202075093e+00
4.214843750000000361e-02 1.421869832490682883e+00
4.222656250000000194e-02 1.418967267155038847e+00
4.230468750000000028e-02 1.417523001215354572e+00
4.238281249999999861e-02 1.417692407003914079e+00
4.246093750000000389e-02 1.418558224991315342e+00
4.253906250000000222e-02 1.418415863245386266e+00
4.261718750000000056e-02 1.415476387498370903e+00
4.269531249999999889e-02 1.412249591728954812e+00
4.277343750000000416e-02 1.411121610021719652e+00
4.285156250000000250e-02 1.410439720467395963e+00
4.292968750000000083e-02 1.411811979209251167e+00
4.300781249999999917e-02 1.416879456659722702e+00
4.308593749999999750e-02 1.423890116098668779e+00
4.316406250000000278e-02 1.428543797131865301e+00
4.324218750000000111e-02 1.430824937248131867e+00
4.332031249999999944e-02 1.431762156862352864e+00
4.339843749999999778e-02 1.433192493771789033e+00
4.347656250000000305e-02 1.439623657868061901e+00
4.355468750000000139e-02 1.449901532402251725e+00
4.363281249999999972e-02 1.456077518112135039e+00
4.371093749999999806e-02 1.455956817337539677e+00
4.378906250000000333e-02 1.453534698098299272e+00
4.386718750000000167e-02 1.451773222948591568e+00
4.394531250000000000e-02 1.451821532430416672e+00
4.402343749999999833e-02 1.453147054203359989e+00
4.410156250000000361e-02 1.454362911145137716e+00
4.417968750000000194e-02 1.454288261857996867e+00
4.425781250000000028e-02 1.451787547473966322e+00
4.433593749999999861e-02 1.445481852487984442e+00
4.441406250000000389e-02 1.436786222912623590e+00
4.449218750000000222e-02 1.426904134196500529e+00
4.457031250000000056e-02 1.416736655070404360e+00
4.464843749999999889e-02 1.408115418786169748e+00
4.472656250000000416e-02 1.402258781155266254e+00
4.480468750000000250e-02 1.399991857203647605e+00
4.488281250000000083e-02 1.401116545224362575e+00
4.496093749999999917e-02 1.405275806636356206e+00
4.507812500000000361e-02 1.417847687477650664e+00
4.523437500000000028e-02 1.431169034149260444e+00
4.539062500000000389e-02 1.414819739584522784e+00
4.554687500000000056e-02 1.407636757541531392e+00
4.570312500000000416e-02 1.409514511154326577e+00
4.585937500000000083e-02 1.402932908890417218e+00
4.601562499999999750e-02 1.394892391503429696e+00
4.617187500000000111e-02 1.387126393852638584e+00
4.632812499999999778e-02 1.382908466166184569e+00
4.648437500000000139e-02 1.382582067586167751e+00
4.664062499999999806e-02 1.380343341308881033e+00
4.679687500000000167e-02 1.376510725754299891e+00
4.695312499999999833e-02 1.386296148040007337e+00
4.710937500000000194e-02 1.386380863071176028e+00
4.726562499999999861e-02 1.382576254631821433e+00
4.742187500000000222e-02 1.381887579498966234e+00
4.757812499999999889e-02 1.374376974426577469e+00
4.773437500000000250e-02 1.375072195127447605e+00
4.789062499999999917e-02 1.375032550613101590e+00
4.804687500000000278e-02 1.367391002452991167e+00
4.820312499999999944e-02 1.363994954502717238e+00
4.835937500000000305e-02 1.366813467159994744e+00
4.851562499999999972e-02 1.365950859717860233e+00
4.867187500000000333e-02 1.366968328814464062e+00
4.882812500000000000e-02 1.368659966852155963e+00
4.898437500000000361e-02 1.369852735378571218e+00
4.914062500000000028e-02 1.371317861275166639e+00
4.929687500000000389e-02 1.372649338382489148e+00
4.945312500000000056e-02 1.376212913834264917e+00
4.960937500000000416e-02 1.380139338424807960e+00
4.976562500000000083e-02 1.379378210440943997e+00
4.992187500000000444e-02 1.379050243298870493e+00
5.007812500000000111e-02 1.376541718244725265e+00
5.023437499999999778e-02 1.370568891880409090e+00
5.039062500000000139e-02 1.368219533963409340e+00
5.054687499999999806e-02 1.369890541039752607e+00
5.070312500000000167e-02 1.372416987776717834e+00
5.085937499999999833e-02 1.373597487329609512e+00
5.101562500000000194e-02 1.380014621122183760e+00
5.117187499999999861e-02 1.390631832646796573e+00
5.132812500000000222e-02 1.400160651361142872e+00
5.148437499999999889e-02 1.407949170101897574e+00
5.164062500000000250e-02 1.404522739084899330e+00
5.179687499999999917e-02 1.400505217978909922e+00
5.195312500000000278e-02 1.401124587618508999e+00
5.210937499999999944e-02 1.409544370938384583e+00
5.226562500000000305e-02 1.405836066655184347e+00
5.242187499999999972e-02 1.398971645451801527e+00
5.257812500000000333e-02 1.402442391374759234e+00
5.273437500000000000e-02 1.415790623379227453e+00
5.289062500000000361e-02 1.413428815748309697e+00
5.304687500000000028e-02 1.414238965231967349e+00
5.320312500000000389e-02 1.409061273909440803e+00
5.335937500000000056e-02 1.407264934212681284e+00
5.351562500000000416e-02 1.411780666587553634e+00
5.367187500000000083e-02 1.418508001579523725e+00
5.382812500000000444e-02 1.421130409560942498e+00
5.398437500000000111e-02 1.415093591366690440e+00
5.414062499999999778e-02 1.407041423344738140e+00
5.429687500000000139e-02 1.401266857755078643e+00
5.445312499999999806e-02 1.406869805680462049e+00
5.460937500000000167e-02 1.405458234392248151e+00
5.476562499999999833e-02 1.400005414931836834e+00
5.492187500000000194e-02 1.400257396185895065e+00
5.503906249999999944e-02 1.400579950309498223e+00
5.511718749999999778e-02 1.399594012823955014e+00
5.519531250000000305e-02 1.398449340545746766e+00
5.527343750000000139e-02 1.396866595136060818e+00
5.535156249999999972e-02 1.395530911012328401e+00
5.542968749999999806e-02 1.393616633733061105e+00
5.550781250000000333e-02 1.391490365657603423e+00
5.558593750000000167e-02 1.391868055325075293e+00
5.566406250000000000e-02 1.396555025445873177e+00
5.574218749999999833e-02 1.404646291279760151e+00
5.582031250000000361e-02 1.409080245421774791e+00
5.589843750000000194e-02 1.409022496768829402e+00
5.597656250000000028e-02 1.406960045737716047e+00
5.605468749999999861e-02 1.403910257535486483e+00
5.613281250000000389e-02 1.400883132189797431e+00
5.621093750000000222e-02 1.398201278377156465e+00
5.628906250000000056e-02 1.395849004402808236e+00
5.636718749999999889e-02 1.394305960998853955e+00
5.644531250000000416e-02 1.395121990255516087e+00
5.652343750000000250e-02 1.398612286285647599e+00
5.660156250000000083e-02 1.400213897794341911e+00
5.667968749999999917e-02 1.399569506539977803e+00
5.675781250000000444e-02 1.399910738573581614e+00
5.683593750000000278e-02 1.402712547743993232e+00
5.691406250000000111e-02 1.407084563629542817e+00
5.699218749999999944e-02 1.410698331566379915e+00
5.707031249999999778e-02 1.409859987897181810e+00
5.714843750000000305e-02 1.403173312717915344e+00
5.722656250000000139e-02 1.393503749088236932e+00
5.730468749999999972e-02 1.385964712996201165e+00
5.738281249999999806e-02 1.380656664278432366e+00
5.746093750000000333e-02 1.376102091930611282e+00
5.753906250000000167e-02 1.372532189906437328e+00
5.761718750000000000e-02 1.369049600931330879e+00
5.769531249999999833e-02 1.367162572712782742e+00
5.777343750000000361e-02 1.370309576565394316e+00
5.785156250000000194e-02 1.374374064178921717e+00
5.792968750000000028e-02 1.375582207107972632e+00
5.800781249999999861e-02 1.374653221692123894e+00
5.808593750000000389e-02 1.375229112392228004e+00
5.816406250000000222e-02 1.380415125698271073e+00
5.824218750000000056e-02 1.381271403048813573e+00
5.832031249999999889e-02 1.378577769878388981e+00
5.839843750000000416e-02 1.377524359044766111e+00
5.847656250000000250e-02 1.378740192739611903e+00
5.855468750000000083e-02 1.380914078917152121e+00
5.863281249999999917e-02 1.382235647009907531e+00
5.871093750000000444e-02 1.382276990712578035e+00
5.878906250000000278e-02 1.379781249276137878e+00
5.886718750000000111e-02 1.374386530959937680e+00
5.894531249999999944e-02 1.369178075655474558e+00
5.902343749999999778e-02 1.366159630671451852e+00
5.910156250000000305e-02 1.367400765396109108e+00
5.917968750000000139e-02 1.372667267474785291e+00
5.925781249999999972e-02 1.375849721223614486e+00
5.933593749999999806e-02 1.376699862018590625e+00
5.941406250000000333e-02 1.377366755401106424e+00
5.949218750000000167e-02 1.378913348259350080e+00
5.957031250000000000e-02 1.380068546002046981e+00
5.964843749999999833e-02 1.379501230516751109e+00
5.972656250000000361e-02 1.378165310419101175e+00
5.980468750000000194e-02 1.377454721019493400e+00
5.988281250000000028e-02 1.379810086538391323e+00
5.996093749999999861e-02 1.386655254006146976e+00
6.003906250000000389e-02 1.394107869511906017e+00
6.011718750000000222e-02 1.399933896828144064e+00
6.019531250000000056e-02 1.402144119002679545e+00
6.027343749999999889e-02 1.401593584653697322e+00
6.035156250000000416e-02 1.401434936277781595e+00
6.042968750000000250e-02 1.401356921872682904e+00
6.050781250000000083e-02 1.400777395241987966e+00
6.058593749999999917e-02 1.399280100747271049e+00
6.066406250000000444e-02 1.396702146800968158e+00
6.074218750000000278e-02 1.393662122166449580e+00
6.082031250000000111e-02 1.391071922164081931e+00
6.089843749999999944e-02 1.390771204658605820e+00
6.097656250000000472e-02 1.393416566134368262e+00
6.105468750000000305e-02 1.392671917958675509e+00
6.113281250000000139e-02 1.387738685563239649e+00
6.121093749999999972e-02 1.383064615381647933e+00
6.128906249999999806e-02 1.380590772241489406e+00
6.136718750000000333e-02 1.383611362002528100e+00
6.144531250000000167e-02 1.388326848138141445e+00
6.152343750000000000e-02 1.391401207406075313e+00
6.160156249999999833e-02 1.392449991798920372e+00
6.167968750000000361e-02 1.390093768373800165e+00
6.175781250000000194e-02 1.383407260177052622e+00
6.183593750000000028e-02 1.379510066879789942e+00
6.191406249999999861e-02 1.385726756053898834e+00
6.199218750000000389e-02 1.392115393051071459e+00
6.207031250000000222e-02 1.392902396453209235e+00
6.214843750000000056e-02 1.392395317220953999e+00
6.222656249999999889e-02 1.392363702011987669e+00
6.230468750000000416e-02 1.400270990093388068e+00
6.238281250000000250e-02 1.412893384796310103e+00
6.246093750000000083e-02 1.418361907395941479e+00
6.257812499999999833e-02 1.420765881913538475e+00
6.273437499999999500e-02 1.425333138216031248e+00
6.289062500000000555e-02 1.444847170815261039e+00
6.304687500000000222e-02 1.449583962206112187e+00
6.320312499999999889e-02 1.444413423937572993e+00
6.335937499999999556e-02 1.440118778992251380e+00
6.351562500000000611e-02 1.439239001983821709e+00
6.367187500000000278e-02 1.441371037076536687e+00
6.382812499999999944e-02 1.443203602764743909e+00
6.398437499999999611e-02 1.441680622093296282e+00
6.414062500000000666e-02 1.437670728159697653e+00
6.429687500000000333e-02 1.438211809365038674e+00
6.445312500000000000e-02 1.443639121847737572e+00
6.460937499999999667e-02 1.450569135134144316e+00
6.476562500000000722e-02 1.452131298724695263e+00
6.492187500000000389e-02 1.449434944248509050e+00
6.507812500000000056e-02 1.447236496685716078e+00
6.523437499999999722e-02 1.445843911133251503e+00
6.539062500000000777e-02 1.454657805831971462e+00
6.554687500000000444e-02 1.462296973318472526e+00
6.570312500000000111e-02 1.464786802900415852e+00
6.585937499999999778e-02 1.465500783757148096e+00
6.601562499999999445e-02 1.465212687874145381e+00
6.617187500000000500e-02 1.457592297532821046e+00
6.632812500000000167e-02 1.448130253297979841e+00
6.648437499999999833e-02 1.435421533925616666e+00
6.664062499999999500e-02 1.432563353395271522e+00
6.679687500000000555e-02 1.433135083241229957e+00
6.695312500000000222e-02 1.442190366362405607e+00
6.710937499999999889e-02 1.447550762693458948e+00
6.726562499999999556e-02 1.443921582260225156e+00
6.742187500000000611e-02 1.453018339137266857e+00
6.757812500000000278e-02 1.455639641734269851e+00
6.773437499999999944e-02 1.439923821866962994e+00
6.789062499999999611e-02 1.434487423013551810e+00
6.804687500000000666e-02 1.428401922739353624e+00
6.820312500000000333e-02 1.425081071562121604e+00
6.835937500000000000e-02 1.440192667159819750e+00
6.851562499999999667e-02 1.438665088025629535e+00
6.867187500000000722e-02 1.436435440897681382e+00
6.882812500000000389e-02 1.436076938146829463e+00
6.898437500000000056e-02 1.437810744233770421e+00
6.914062499999999722e-02 1.444151480038320612e+00
6.929687500000000777e-02 1.439895652635413859e+00
6.945312500000000444e-02 1.434822602118642543e+00
6.960937500000000111e-02 1.428359389644914934e+00
6.976562499999999778e-02 1.423496141987403707e+00
6.992187500000000833e-02 1.422535309797652525e+00
7.003906249999999889e-02 1.425014584265100748e+00
7.011718749999999722e-02 1.428151555408404327e+00
7.019531249999999556e-02 1.431150548161454594e+00
7.027343750000000777e-02 1.432567129418464980e+00
7.035156250000000611e-02 1.430481602894454252e+00
7.042968750000000444e-02 1.426062992899917115e+00
7.050781250000000278e-02 1.421810752715471304e+00
7.058593750000000111e-02 1.418064167813776422e+00
7.066406249999999944e-02 1.414839498447089117e+00
7.074218749999999778e-02 1.412457865219039599e+00
7.082031249999999611e-02 1.411119834455465405e+00
7.089843750000000833e-02 1.410885557604488527e+00
7.097656250000000666e-02 1.412098108238719174e+00
7.105468750000000500e-02 1.416202045308579960e+00
7.113281250000000333e-02 1.423096985025108729e+00
7.121093750000000167e-02 1.427015987240625172e+00
7.128906250000000000e-02 1.425511124506114502e+00
7.136718749999999833e-02 1.424983389922528598e+00
7.144531249999999667e-02 1.427305147258198570e+00
7.152343749999999500e-02 1.424044510230085603e+00
7.160156250000000722e-02 1.417452018584041795e+00
7.167968750000000555e-02 1.411496763632422935e+00
7.175781250000000389e-02 1.406544850616543663e+00
7.183593750000000222e-02 1.402878519402272595e+00
7.191406250000000056e-02 1.401279768550563354e+00
7.199218749999999889e-02 1.401833530674063466e+00
7.207031249999999722e-02 1.403932680874911743e+00
7.214843749999999556e-02 1.405960900598825170e+00
7.222656250000000777e-02 1.405911394762660027e+00
7.230468750000000611e-02 1.409449338655302197e+00
7.238281250000000444e-02 1.418698852376985897e+00
7.246093750000000278e-02 1.424761704008979946e+00
7.253906250000000111e-02 1.427781803401709793e+00
7.261718749999999944e-02 1.430292740180983735e+00
7.269531249999999778e-02 1.432405174142362680e+00
7.277343749999999611e-02 1.435010743875164696e+00
7.285156250000000833e-02 1.437265209733149085e+00
7.292968750000000666e-02 1.436107619492898557e+00
7.300781250000000500e-02 1.431879409333974174e+00
7.308593750000000333e-02 1.427206224908708521e+00
7.316406250000000167e-02 1.423053092689104737e+00
7.324218750000000000e-02 1.419666064706593289e+00
7.332031249999999833e-02 1.417128104679654887e+00
7.339843749999999667e-02 1.416294820902732843e+00
7.347656249999999500e-02 1.416822973430271304e+00
7.355468750000000722e-02 1.416594677021232096e+00
7.363281250000000555e-02 1.414587466456405984e+00
7.371093750000000389e-02 1.411215427446029125e+00
7.378906250000000222e-02 1.407873640303054508e+00
7.386718750000000056e-02 1.405238074627726874e+00
7.394531249999999889e-02 1.403336934226805388e+00
7.402343749999999722e-02 1.402659084400733391e+00
7.410156249999999556e-02 1.402648972299847641e+00
7.417968750000000777e-02 1.401670161590838237e+00
7.425781250000000611e-02 1.399797076673697127e+00
7.433593750000000444e-02 1.398193152220293278e+00
7.441406250000000278e-02 1.401337429861293504e+00
7.449218750000000111e-02 1.416658099739210863e+00
7.457031249999999944e-02 1.429227950488921595e+00
7.464843749999999778e-02 1.429529367378105764e+00
7.472656249999999611e-02 1.427518143680439389e+00
7.480468750000000833e-02 1.426523286287054715e+00
7.488281250000000666e-02 1.426458069265210460e+00
7.496093750000000500e-02 1.426856559221099552e+00
7.503906250000000333e-02 1.427332588676547553e+00
7.511718750000000167e-02 1.428161978039390156e+00
7.519531250000000000e-02 1.429265975151507329e+00
7.527343749999999833e-02 1.430473423721535742e+00
7.535156249999999667e-02 1.431735452661118346e+00
7.542968749999999500e-02 1.433732338788926919e+00
7.550781250000000722e-02 1.436483506891409689e+00
7.558593750000000555e-02 1.438192019477606109e+00
7.566406250000000389e-02 1.435862396283099862e+00
7.574218750000000222e-02 1.427403447975543083e+00
7.582031250000000056e-02 1.418687427501677867e+00
7.589843749999999889e-02 1.414062370115715783e+00
7.597656249999999722e-02 1.411918492977846551e+00
7.605468749999999556e-02 1.411830336099624494e+00
7.613281250000000777e-02 1.411191373388814618e+00
7.621093750000000611e-02 1.409165641137484215e+00
7.628906250000000444e-02 1.408733191405042939e+00
7.636718750000000278e-02 1.416885395078563814e+00
7.644531250000000111e-02 1.425868812626464477e+00
7.652343749999999944e-02 1.424516937649681569e+00
7.660156249999999778e-02 1.419511845872831080e+00
7.667968749999999611e-02 1.415172865292693594e+00
7.675781250000000833e-02 1.414149089032745721e+00
7.683593750000000666e-02 1.415254390933852191e+00
7.691406250000000500e-02 1.417617057348844689e+00
7.699218750000000333e-02 1.426223688965406300e+00
7.707031250000000167e-02 1.441340019006443818e+00
7.714843750000000000e-02 1.457367952573879188e+00
7.722656249999999833e-02 1.469258439886617307e+00
7.730468749999999667e-02 1.476970503741354523e+00
7.738281249999999500e-02 1.482328894360775307e+00
7.746093750000000722e-02 1.478287513534905173e+00
7.753906250000000555e-02 1.470533853780902289e+00
7.761718750000000389e-02 1.463108402334466041e+00
7.769531250000000222e-02 1.457280763933325618e+00
7.777343750000000056e-02 1.452918608843507986e+00
7.785156249999999889e-02 1.449705642578039244e+00
7.792968749999999722e-02 1.447670372162722430e+00
7.800781249999999556e-02 1.447359080329277070e+00
7.808593750000000777e-02 1.451198202849824259e+00
7.816406250000000611e-02 1.459801546824348151e+00
7.824218750000000444e-02 1.466140836143826176e+00
7.832031250000000278e-02 1.466484321034026594e+00
7.839843750000000111e-02 1.464108821884813727e+00
7.847656249999999944e-02 1.462329687439366310e+00
7.855468749999999778e-02 1.461471624072811171e+00
7.863281249999999611e-02 1.460992552955977963e+00
7.871093750000000833e-02 1.459827327005326580e+00
7.878906250000000666e-02 1.457918369771053158e+00
7.886718750000000500e-02 1.455882269085622349e+00
7.894531250000000333e-02 1.452977329118557925e+00
7.902343750000000167e-02 1.448227115054101066e+00
7.910156250000000000e-02 1.441499610062184189e+00
7.917968749999999833e-02 1.434684492946631584e+00
7.925781249999999667e-02 1.428403064819049328e+00
7.933593749999999500e-02 1.422537975995957549e+00
7.941406250000000722e-02 1.416652378012963176e+00
7.949218750000000555e-02 1.410929699497841749e+00
7.957031250000000389e-02 1.405858286758669307e+00
7.964843750000000222e-02 1.402489522660057997e+00
7.972656250000000056e-02 1.401485447211674007e+00
7.980468749999999889e-02 1.403084100426630565e+00
7.988281249999999722e-02 1.407928671533785980e+00
7.996093749999999556e-02 1.411938634431119333e+00
8.003906250000000777e-02 1.412619727549104809e+00
8.011718750000000611e-02 1.412595018513441048e+00
8.019531250000000444e-02 1.413837920815163907e+00
8.027343750000000278e-02 1.420258899343705750e+00
8.035156250000000111e-02 1.431688699362468009e+00
8.042968749999999944e-02 1.440362535681318334e+00
8.050781249999999778e-02 1.442901906332721307e+00
8.058593749999999611e-02 1.432985535865482163e+00
8.066406250000000833e-02 1.413365954829377769e+00
8.074218750000000666e-02 1.399895261294297644e+00
8.082031250000000500e-02 1.394960936756070025e+00
8.089843750000000333e-02 1.397806882806663653e+00
8.097656250000000167e-02 1.409261708107806932e+00
8.105468750000000000e-02 1.414704139375021930e+00
8.113281249999999833e-02 1.413589038029104072e+00
8.121093749999999667e-02 1.410452278153242922e+00
8.128906249999999500e-02 1.407899991716612398e+00
8.136718750000000722e-02 1.406316173822711457e+00
8.144531250000000555e-02 1.404575497097643177e+00
8.152343750000000389e-02 1.402703826103420148e+00
8.160156250000000222e-02 1.401439065154826746e+00
8.167968750000000056e-02 1.401915897674248512e+00
8.175781249999999889e-02 1.404466026039043136e+00
8.183593749999999722e-02 1.406798511469646407e+00
8.191406249999999556e-02 1.406843046843718303e+00
8.199218750000000777e-02 1.405557189992328482e+00
8.207031250000000611e-02 1.403994188559425593e+00
8.214843750000000444e-02 1.402464115636142150e+00
8.222656250000000278e-02 1.401480125767866625e+00
8.230468750000000111e-02 1.404625973438359487e+00
8.238281249999999944e-02 1.415803482997280316e+00
8.246093749999999778e-02 1.422301921295123783e+00
8.257812500000000222e-02 1.418199446941006858e+00
8.273437499999999889e-02 1.408241580951656413e+00
8.289062499999999556e-02 1.398476147297426309e+00
8.304687500000000611e-02 1.393203288975362941e+00
8.320312500000000278e-02 1.394505724367120836e+00
8.335937499999999944e-02 1.397061139449725875e+00
8.351562499999999611e-02 1.398943307799561886e+00
8.367187500000000666e-02 1.405608117414580915e+00
8.382812500000000333e-02 1.404481896371112315e+00
8.398437500000000000e-02 1.401321894743992935e+00
8.414062499999999667e-02 1.402108140316195684e+00
8.429687500000000722e-02 1.405073171785196529e+00
8.445312500000000389e-02 1.408398568594888989e+00
8.460937500000000056e-02 1.411571372099737598e+00
8.476562499999999722e-02 1.417735837248351283e+00
8.492187500000000777e-02 1.422593094267791125e+00
8.507812500000000444e-02 1.427598864252626498e+00
8.523437500000000111e-02 1.408425374780723160e+00
8.539062499999999778e-02 1.399365613838562838e+00
8.554687500000000833e-02 1.397631428012207300e+00
8.570312500000000500e-02 1.407036068303088916e+00
8.585937500000000167e-02 1.433129257293887848e+00
8.601562499999999833e-02 1.448184718881847521e+00
8.617187499999999500e-02 1.452186519867251890e+00
8.632812500000000555e-02 1.465099813038512666e+00
8.648437500000000222e-02 1.457514080491359776e+00
8.664062499999999889e-02 1.446310657657484455e+00
8.679687499999999556e-02 1.435440970873951727e+00
8.695312500000000611e-02 1.422055626948703244e+00
8.710937500000000278e-02 1.410948970688711723e+00
8.726562499999999944e-02 1.414525494888639878e+00
8.742187499999999611e-02 1.422098662393059820e+00
8.757812500000000666e-02 1.441526120316950932e+00
8.773437500000000333e-02 1.442753306502659427e+00
8.789062500000000000e-02 1.440515776861861275e+00
8.804687499999999667e-02 1.435163715417749897e+00
8.820312500000000722e-02 1.438270337537515209e+00
8.835937500000000389e-02 1.455398276397550150e+00
8.851562500000000056e-02 1.448744579018086620e+00
8.867187499999999722e-02 1.436601778841269494e+00
8.882812500000000777e-02 1.432387969741093059e+00
8.898437500000000444e-02 1.421553693288448272e+00
8.914062500000000111e-02 1.410154789269223663e+00
8.929687499999999778e-02 1.406545069779953749e+00
8.945312500000000833e-02 1.404041349721532717e+00
8.960937500000000500e-02 1.396836355181961586e+00
8.976562500000000167e-02 1.392246188355179770e+00
8.992187499999999833e-02 1.395041829432131175e+00
9.007812499999999500e-02 1.397659727537060581e+00
9.023437500000000555e-02 1.396935409087989077e+00
9.039062500000000222e-02 1.399729659250502189e+00
9.054687499999999889e-02 1.395121915517921973e+00
9.070312499999999556e-02 1.388946975443593468e+00
9.085937500000000611e-02 1.385196328488683015e+00
9.101562500000000278e-02 1.379653447151784063e+00
9.117187499999999944e-02 1.379443493147959332e+00
9.132812499999999611e-02 1.382761047421979139e+00
9.148437500000000666e-02 1.390830228656863232e+00
9.164062500000000333e-02 1.412237919632794103e+00
9.179687500000000000e-02 1.422580358455029392e+00
9.195312499999999667e-02 1.418178378737855905e+00
9.210937500000000722e-02 1.402091902300812487e+00
9.226562500000000389e-02 1.386935064516853222e+00
9.242187500000000056e-02 1.380874174435882562e+00
9.253906250000000500e-02 1.379138733901848157e+00
9.261718750000000333e-02 1.377690260692957525e+00
9.269531250000000167e-02 1.376050038763493744e+00
9.277343750000000000e-02 1.374448530815856939e+00
9.285156249999999833e-02 1.373253657212688106e+00
9.292968749999999667e-02 1.372269033471270605e+00
9.300781249999999500e-02 1.370749825130251232e+00
9.308593750000000722e-02 1.368453397213526213e+00
9.316406250000000555e-02 1.366707179011371176e+00
9.324218750000000389e-02 1.365949586791771919e+00
9.332031250000000222e-02 1.369715611667832844e+00
9.339843750000000056e-02 1.385305466020526843e+00
9.347656249999999889e-02 1.395321239761776244e+00
9.355468749999999722e-02 1.393253985726880639e+00
9.363281249999999556e-02 1.387165897538616521e+00
9.371093750000000777e-02 1.381022638441671280e+00
9.378906250000000611e-02 1.375870764531148316e+00
9.386718750000000444e-02 1.371332497061489297e+00
9.394531250000000278e-02 1.366952039649375727e+00
9.402343750000000111e-02 1.362881031417106037e+00
9.410156249999999944e-02 1.361048254944493330e+00
9.417968749999999778e-02 1.365438045296731850e+00
9.425781249999999611e-02 1.371165475172847259e+00
9.433593750000000833e-02 1.371925670524218654e+00
9.441406250000000666e-02 1.370522231368582533e+00
9.449218750000000500e-02 1.372331623459634331e+00
9.457031250000000333e-02 1.377600369724210516e+00
9.464843750000000167e-02 1.380712952395354520e+00
9.472656250000000000e-02 1.383929242769542434e+00
9.480468749999999833e-02 1.392587110252771820e+00
9.488281249999999667e-02 1.401603985902600602e+00
9.496093750000000888e-02 1.410257669452397833e+00
9.503906250000000722e-02 1.420154382244970481e+00
9.511718750000000555e-02 1.423036426998091075e+00
9.519531250000000389e-02 1.420877168023930048e+00
9.527343750000000222e-02 1.418820299496797110e+00
9.535156250000000056e-02 1.417317189435058689e+00
9.542968749999999889e-02 1.415718374110211508e+00
9.550781249999999722e-02 1.413937183001955589e+00
9.558593749999999556e-02 1.411815142024981151e+00
9.566406250000000777e-02 1.408298023165531321e+00
9.574218750000000611e-02 1.403235348195205567e+00
9.582031250000000444e-02 1.398119540317130038e+00
9.589843750000000278e-02 1.396012213504143951e+00
9.597656250000000111e-02 1.400515122838529969e+00
9.605468749999999944e-02 1.406531349245548013e+00
9.613281249999999778e-02 1.406232299404904129e+00
9.621093749999999611e-02 1.403862898583171148e+00
9.628906250000000833e-02 1.402339961975392013e+00
9.636718750000000666e-02 1.401349120796669068e+00
9.644531250000000500e-02 1.400563058195622768e+00
9.652343750000000333e-02 1.399799706575937552e+00
9.660156250000000167e-02 1.399449760454494651e+00
9.667968750000000000e-02 1.403033942065998074e+00
9.675781249999999833e-02 1.409783763236661214e+00
9.683593749999999667e-02 1.411101427928196150e+00
9.691406250000000888e-02 1.406073117890879631e+00
9.699218750000000722e-02 1.399180570318364403e+00
9.707031250000000555e-02 1.395057412684572506e+00
9.714843750000000389e-02 1.394073679803063737e+00
9.722656250000000222e-02 1.394276660134324608e+00
9.730468750000000056e-02 1.394821234863849790e+00
9.738281249999999889e-02 1.395101272944565762e+00
9.746093749999999722e-02 1.394967417067058513e+00
9.757812500000000167e-02 1.392573033942640315e+00
9.773437499999999833e-02 1.388270594797520019e+00
9.789062500000000888e-02 1.383378920712626803e+00
9.804687500000000555e-02 1.380133929957443328e+00
9.820312500000000222e-02 1.381333160526924120e+00
9.835937499999999889e-02 1.384768513412371727e+00
9.851562499999999556e-02 1.388352241615275373e+00
9.867187500000000611e-02 1.394730844182231699e+00
9.882812500000000278e-02 1.402191284723472320e+00
9.898437499999999944e-02 1.406684576698366440e+00
9.914062499999999611e-02 1.406955939442063652e+00
9.929687500000000666e-02 1.405993305448514974e+00
9.945312500000000333e-02 1.408188512330040831e+00
9.960937500000000000e-02 1.415573563403503821e+00
9.976562499999999667e-02 1.417508740289451730e+00
9.992187500000000722e-02 1.420564490459421014e+00
1.001562500000000022e-01 1.429314175506576579e+00
1.004687499999999956e-01 1.425225743401868028e+00
1.007812500000000028e-01 1.425480801055694968e+00
1.010937499999999961e-01 1.422118464897682788e+00
1.014062500000000033e-01 1.416601199128503241e+00
1.017187499999999967e-01 1.417702983576784037e+00
1.020312500000000039e-01 1.426467221024229071e+00
1.023437499999999972e-01 1.424571852016058404e+00
1.026562500000000044e-01 1.417226879888715541e+00
1.029687499999999978e-01 1.421214678922526842e+00
1.032812500000000050e-01 1.426725017558076125e+00
1.035937499999999983e-01 1.427558042289486018e+00
1.039062500000000056e-01 1.434622195236984643e+00
1.042187499999999989e-01 1.427418890814448060e+00
1.045312500000000061e-01 1.422437404402943306e+00
1.048437499999999994e-01 1.430325516043206679e+00
1.051562500000000067e-01 1.432330606054408317e+00
1.054687500000000000e-01 1.432123400732989049e+00
1.057812500000000072e-01 1.422901892083131337e+00
1.060937500000000006e-01 1.416081247696424406e+00
1.064062500000000078e-01 1.406752050954102051e+00
1.067187500000000011e-01 1.405776590418669647e+00
1.070312500000000083e-01 1.398787652288034478e+00
1.073437500000000017e-01 1.418372598867365442e+00
1.076562500000000089e-01 1.426305619540079173e+00
1.079687500000000022e-01 1.417978448434814354e+00
1.082812499999999956e-01 1.414246710564762033e+00
1.085937500000000028e-01 1.407486821807668598e+00
1.089062499999999961e-01 1.408206876360951654e+00
1.092187500000000033e-01 1.407996744923219801e+00
1.095312499999999967e-01 1.403590001564061218e+00
1.098437500000000039e-01 1.397550272947800654e+00
1.101562499999999972e-01 1.389806671937689586e+00
1.104687500000000044e-01 1.402807835730949915e+00
1.107812499999999978e-01 1.395196234893804066e+00
1.110937500000000050e-01 1.390560043217215380e+00
1.114062499999999983e-01 1.388953159511109980e+00
1.117187500000000056e-01 1.397022285135565367e+00
1.120312499999999989e-01 1.413140765631801798e+00
1.123437500000000061e-01 1.398679123149943804e+00
1.126562499999999994e-01 1.390639803403706187e+00
1.129687500000000067e-01 1.378768708943811205e+00
1.132812500000000000e-01 1.368232124219710411e+00
1.135937500000000072e-01 1.359943230105822298e+00
1.139062500000000006e-01 1.351392399735548810e+00
1.142187500000000078e-01 1.340422947028196310e+00
1.145312500000000011e-01 1.372670943203913918e+00
1.148437500000000083e-01 1.379121034936032997e+00
1.151562500000000017e-01 1.381633373003920973e+00
1.154687500000000089e-01 1.371663458379087652e+00
1.157812500000000022e-01 1.372322880599387007e+00
1.160937499999999956e-01 1.359189510320343075e+00
1.164062500000000028e-01 1.353787586739233717e+00
1.167187499999999961e-01 1.352776861106533168e+00
1.170312500000000033e-01 1.355564682774291985e+00
1.173437499999999967e-01 1.404896335173210664e+00
1.176562500000000039e-01 1.413338701354182048e+00
1.179687499999999972e-01 1.415135954918671946e+00
1.182812500000000044e-01 1.417361173255303752e+00
1.185937499999999978e-01 1.411944947677879147e+00
1.189062500000000050e-01 1.403704719700567649e+00
1.192187499999999983e-01 1.395255847090099977e+00
1.195312500000000056e-01 1.389434621415635895e+00
1.198437499999999989e-01 1.386708091544992527e+00
1.200781250000000078e-01 1.386569010627340059e+00
1.202343750000000044e-01 1.381739564345447757e+00
1.203906250000000011e-01 1.378202191224450868e+00
1.205468749999999978e-01 1.378050359596082686e+00
1.207031250000000083e-01 1.383720223090180168e+00
1.208593750000000050e-01 1.387371670538443791e+00
1.210156250000000017e-01 1.384910390207018782e+00
1.211718749999999983e-01 1.384822790176763130e+00
1.213281250000000089e-01 1.385888510144366315e+00
1.214843750000000056e-01 1.384867059372821396e+00
1.216406250000000022e-01 1.386351798205344821e+00
1.217968749999999989e-01 1.387781728424258620e+00
1.219531250000000094e-01 1.387780061831016321e+00
1.221093750000000061e-01 1.388610584830355821e+00
1.222656250000000028e-01 1.385919928153836800e+00
1.224218749999999994e-01 1.378108844060310201e+00
1.225781249999999961e-01 1.374954266046218843e+00
1.227343750000000067e-01 1.374622555181723049e+00
1.228906250000000033e-01 1.376421180938394384e+00
1.230468750000000000e-01 1.375262870066147114e+00
1.232031249999999967e-01 1.381006503494559778e+00
1.233593750000000072e-01 1.385291641380123728e+00
1.235156250000000039e-01 1.383116960063152767e+00
1.236718750000000006e-01 1.379843526990182534e+00
1.238281249999999972e-01 1.375836304655686959e+00
1.239843750000000078e-01 1.368968470158514528e+00
1.241406250000000044e-01 1.364273235985042909e+00
1.242968750000000011e-01 1.370816228646559054e+00
1.244531249999999978e-01 1.370272773426606472e+00
1.246093750000000083e-01 1.372369253504380104e+00
1.247656250000000050e-01 1.376965926329259737e+00
1.249218750000000017e-01 1.382110681539963970e+00
1.250781250000000122e-01 1.383265938868135869e+00
1.252343750000000089e-01 1.381649906247654158e+00
1.253906250000000056e-01 1.381207636831953023e+00
1.255468750000000022e-01 1.381984524300781780e+00
1.257031249999999989e-01 1.382823985493116137e+00
1.258593749999999956e-01 1.385873479283548981e+00
1.260156249999999922e-01 1.388331450962636104e+00
1.261718749999999889e-01 1.387267698890264578e+00
1.263281250000000133e-01 1.384662146117057846e+00
1.264843750000000100e-01 1.382432810633254183e+00
1.266406250000000067e-01 1.381950804379005415e+00
1.267968750000000033e-01 1.385207758093607744e+00
1.269531250000000000e-01 1.388980924541155071e+00
1.271093749999999967e-01 1.390173652351620381e+00
1.272656249999999933e-01 1.386950184192037971e+00
1.274218749999999900e-01 1.382227970539089190e+00
1.275781250000000144e-01 1.380589251780035331e+00
1.277343750000000111e-01 1.380907195046345182e+00
1.278906250000000078e-01 1.380487361024283377e+00
1.280468750000000044e-01 1.379380242685994240e+00
1.282031250000000011e-01 1.377213227153743835e+00
1.283593749999999978e-01 1.374298373487063518e+00
1.285156249999999944e-01 1.371793647266795535e+00
1.286718749999999911e-01 1.369569048894384578e+00
1.288281250000000155e-01 1.365259890741379767e+00
1.289843750000000122e-01 1.359066017637385659e+00
1.291406250000000089e-01 1.354170831554187826e+00
1.292968750000000056e-01 1.351244824048053905e+00
1.294531250000000022e-01 1.350115850078754898e+00
1.296093749999999989e-01 1.355725304514311169e+00
1.297656249999999956e-01 1.361252499162808771e+00
1.299218749999999922e-01 1.359293954424849460e+00
1.300781249999999889e-01 1.354695610032488062e+00
1.302343750000000133e-01 1.347917685863354142e+00
1.303906250000000100e-01 1.340734382045991824e+00
1.305468750000000067e-01 1.339719979842995734e+00
1.307031250000000033e-01 1.348909776364511703e+00
1.308593750000000000e-01 1.350582272237349502e+00
1.310156249999999967e-01 1.355515528473233422e+00
1.311718749999999933e-01 1.354671166380102321e+00
1.313281249999999900e-01 1.350697503522876541e+00
1.314843750000000144e-01 1.350635520084836783e+00
1.316406250000000111e-01 1.350927645743426053e+00
1.317968750000000078e-01 1.348727355658360549e+00
1.319531250000000044e-01 1.346415030043283778e+00
1.321093750000000011e-01 1.344314555486078699e+00
1.322656249999999978e-01 1.343885735109199286e+00
1.324218749999999944e-01 1.346204876015137053e+00
1.325390624999999989e-01 1.352190003452592659e+00
1.326171875000000111e-01 1.359200777035217911e+00
1.326953124999999956e-01 1.364912239514707526e+00
1.327734375000000078e-01 1.366857157814687085e+00
1.328515624999999922e-01 1.366591052992389255e+00
1.329296875000000044e-01 1.366702426295403727e+00
1.330078124999999889e-01 1.367829592622640922e+00
1.330859375000000011e-01 1.368698961696972694e+00
1.331640625000000133e-01 1.367725110715631409e+00
1.332421874999999978e-01 1.365272793560939002e+00
1.333203125000000100e-01 1.362439685181806581e+00
1.333984374999999944e-01 1.360072856470096569e+00
1.334765625000000067e-01 1.358428568976255413e+00
1.335546874999999911e-01 1.357943292878566188e+00
1.336328125000000033e-01 1.362143065793859797e+00
1.337109375000000155e-01 1.367360337483166433e+00
1.337890625000000000e-01 1.369139156438966110e+00
1.338671875000000122e-01 1.370860214697083412e+00
1.339453124999999967e-01 1.372789800056541942e+00
1.340234375000000089e-01 1.373085106866171134e+00
1.341015624999999933e-01 1.372462881038434279e+00
1.341796875000000056e-01 1.371864268282635413e+00
1.342578124999999900e-01 1.371638579023415572e+00
1.343359375000000022e-01 1.373576789968526946e+00
1.344140625000000144e-01 1.382738025592031406e+00
1.344921874999999989e-01 1.393108935149029781e+00
1.345703125000000111e-01 1.397654717505194322e+00
1.346484374999999956e-01 1.398034225072302572e+00
1.347265625000000078e-01 1.396527183814452844e+00
1.348046874999999922e-01 1.393773779772275567e+00
1.348828125000000044e-01 1.390582052346364339e+00
1.349609375000000167e-01 1.387985899134636547e+00
1.350781249999999933e-01 1.385336958918577555e+00
1.352343749999999900e-01 1.381623995258666193e+00
1.353906250000000144e-01 1.376214229206653705e+00
1.355468750000000111e-01 1.370233153752432376e+00
1.357031250000000078e-01 1.366182099706695574e+00
1.358593750000000044e-01 1.365899083587685636e+00
1.360156250000000011e-01 1.366622205740176677e+00
1.361718749999999978e-01 1.368126033580418177e+00
1.363281249999999944e-01 1.368067871185229212e+00
1.364843749999999911e-01 1.366116367197689474e+00
1.366406250000000155e-01 1.369531865219036915e+00
1.367968750000000122e-01 1.367031712211309369e+00
1.369531250000000089e-01 1.362944492449327250e+00
1.371093750000000056e-01 1.360434812466314813e+00
1.372656250000000022e-01 1.358210458841265567e+00
1.374218749999999989e-01 1.357378355975183082e+00
1.375781249999999956e-01 1.361199680000730439e+00
1.377343749999999922e-01 1.364381877625235662e+00
1.378906250000000167e-01 1.366543694276310505e+00
1.380468750000000133e-01 1.367831907841383643e+00
1.382031250000000100e-01 1.368643149317914975e+00
1.383593750000000067e-01 1.369060090050249423e+00
1.385156250000000033e-01 1.369156434013243606e+00
1.386718750000000000e-01 1.370503743738264779e+00
1.388281249999999967e-01 1.374587101474344486e+00
1.389843749999999933e-01 1.381269665048967310e+00
1.391406249999999900e-01 1.385474246430967948e+00
1.392968750000000144e-01 1.383384474134683462e+00
1.394531250000000111e-01 1.377361008554154331e+00
1.396093750000000078e-01 1.373791381523261634e+00
1.397656250000000044e-01 1.371421167080787207e+00
1.399218750000000011e-01 1.370455835571374736e+00
1.401562500000000100e-01 1.373116742407742841e+00
1.404687500000000033e-01 1.367328073938842259e+00
1.407812499999999967e-01 1.360665205878185624e+00
1.410937499999999900e-01 1.359387479593757941e+00
1.414062500000000111e-01 1.356747235415652231e+00
1.417187500000000044e-01 1.353016735096794765e+00
1.420312499999999978e-01 1.344926655937324078e+00
1.423437499999999911e-01 1.329191389036541215e+00
1.426562500000000122e-01 1.324168291316944135e+00
1.429687500000000056e-01 1.325841904618316525e+00
1.432812499999999989e-01 1.323951808191619728e+00
1.435937499999999922e-01 1.323725924284294253e+00
1.439062500000000133e-01 1.329924881491372002e+00
1.442187500000000067e-01 1.324300904216186181e+00
1.445312500000000000e-01 1.312832691317398437e+00
1.448437499999999933e-01 1.323653741579777776e+00
1.451562500000000144e-01 1.335732162251625166e+00
1.454687500000000078e-01 1.331330530092706521e+00
1.457812500000000011e-01 1.338261318626485785e+00
1.460937499999999944e-01 1.335457695760417174e+00
1.464062500000000155e-01 1.335231185448531255e+00
1.467187500000000089e-01 1.328116446901749459e+00
1.470312500000000022e-01 1.325801193092636776e+00
1.473437499999999956e-01 1.331278860164977651e+00
1.476562500000000167e-01 1.329167929526874126e+00
1.479687500000000100e-01 1.329499551152597991e+00
1.482812500000000033e-01 1.329534680964692184e+00
1.485937499999999967e-01 1.327235708072146858e+00
1.489062499999999900e-01 1.338334720519840815e+00
1.492187500000000111e-01 1.345388965491613575e+00
1.495312500000000044e-01 1.340973309129835700e+00
1.498437499999999978e-01 1.339671802382624399e+00
1.500781250000000067e-01 1.337877275263283039e+00
1.502343750000000033e-01 1.335780698764280849e+00
1.503906250000000000e-01 1.333904671235465411e+00
1.505468749999999967e-01 1.331827758614425594e+00
1.507031249999999933e-01 1.329818108457300863e+00
1.508593749999999900e-01 1.329450139826015675e+00
1.510156250000000144e-01 1.330611320659328634e+00
1.511718750000000111e-01 1.331670920494249399e+00
1.513281250000000078e-01 1.331993744568970905e+00
1.514843750000000044e-01 1.332780796625231190e+00
1.516406250000000011e-01 1.341005637839080888e+00
1.517968749999999978e-01 1.344970420823186297e+00
1.519531249999999944e-01 1.344727293040520522e+00
1.521093749999999911e-01 1.345442377322765282e+00
1.522656250000000155e-01 1.355727536771441644e+00
1.524218750000000122e-01 1.367621513905680875e+00
1.525781250000000089e-01 1.361588762641027683e+00
1.527343750000000056e-01 1.358076404578572483e+00
1.528906250000000022e-01 1.355873916962550663e+00
1.530468749999999989e-01 1.353164035860658476e+00
1.532031249999999956e-01 1.350668901716127301e+00
1.533593749999999922e-01 1.349275960098361260e+00
1.535156250000000167e-01 1.348515005604888017e+00
1.536718750000000133e-01 1.347749081953603545e+00
1.538281250000000100e-01 1.344893035304724371e+00
1.539843750000000067e-01 1.340599287811131690e+00
1.541406250000000033e-01 1.340734161765412047e+00
1.542968750000000000e-01 1.345549713586263740e+00
1.544531249999999967e-01 1.345237722772059552e+00
1.546093749999999933e-01 1.338284030419763626e+00
1.547656249999999900e-01 1.335895467515334945e+00
1.549218750000000144e-01 1.334743808851056368e+00
1.550781250000000111e-01 1.332924598064313848e+00
1.552343750000000078e-01 1.331208603254402600e+00
1.553906250000000044e-01 1.335543825923769967e+00
1.555468750000000011e-01 1.336970292630494273e+00
1.557031249999999978e-01 1.334458496801817606e+00
1.558593749999999944e-01 1.334553603566658531e+00
1.560156249999999911e-01 1.337422517519113008e+00
1.561718750000000155e-01 1.340756428456732818e+00
1.563281250000000122e-01 1.344654231858656734e+00
1.564843750000000089e-01 1.342882366721727783e+00
1.566406250000000056e-01 1.337025036829690983e+00
1.567968750000000022e-01 1.332820269144786796e+00
1.569531249999999989e-01 1.329019044037541120e+00
1.571093749999999956e-01 1.327281736135472512e+00
1.572656249999999922e-01 1.332196790779058171e+00
1.574218750000000167e-01 1.337041304075699877e+00
1.575781250000000133e-01 1.336762385347045612e+00
1.577343750000000100e-01 1.335358411740484641e+00
1.578906250000000067e-01 1.338286908308351286e+00
1.580468750000000033e-01 1.342371623767508959e+00
1.582031250000000000e-01 1.343897843345621679e+00
1.583593749999999967e-01 1.344001045540790251e+00
1.585156249999999933e-01 1.344671414555207001e+00
1.586718749999999900e-01 1.346490643546929933e+00
1.588281250000000144e-01 1.348448771365913457e+00
1.589843750000000111e-01 1.349973649595391567e+00
1.591406250000000078e-01 1.350803351376562933e+00
1.592968750000000044e-01 1.350949016427079652e+00
1.594531250000000011e-01 1.351190242719398249e+00
1.596093749999999978e-01 1.352786149618856681e+00
1.597656249999999944e-01 1.353849620811787613e+00
1.599218749999999911e-01 1.353986749188506700e+00
1.601562500000000000e-01 1.351423758847921652e+00
1.604687499999999933e-01 1.345479671917185982e+00
1.607812500000000144e-01 1.340915170954316560e+00
1.610937500000000078e-01 1.337120299974484228e+00
1.614062500000000011e-01 1.339280811312912656e+00
1.617187499999999944e-01 1.338461406823952426e+00
1.620312500000000155e-01 1.341545581492245010e+00
1.623437500000000089e-01 1.351378882609598708e+00
1.626562500000000022e-01 1.356896706187964874e+00
1.629687499999999956e-01 1.359521846109014387e+00
1.632812500000000167e-01 1.353631670893209238e+00
1.635937500000000100e-01 1.342924992384475935e+00
1.639062500000000033e-01 1.338257112085983191e+00
1.642187499999999967e-01 1.335511742480245845e+00
1.645312499999999900e-01 1.327206993866059559e+00
1.648437500000000111e-01 1.322011606242919468e+00
1.650781249999999922e-01 1.319226307931294473e+00
1.652343750000000167e-01 1.314563945530724531e+00
1.653906250000000133e-01 1.309113310603293057e+00
1.655468750000000100e-01 1.307548631099824332e+00
1.657031250000000067e-01 1.305429729342773904e+00
1.658593750000000033e-01 1.301357930489965398e+00
1.660156250000000000e-01 1.298863913555745597e+00
1.661718749999999967e-01 1.297384867252913132e+00
1.663281249999999933e-01 1.295994216686010558e+00
1.664843749999999900e-01 1.294149059786841471e+00
1.666406250000000144e-01 1.293635716197922614e+00
1.667968750000000111e-01 1.294984943599394533e+00
1.669531250000000078e-01 1.294204556023417663e+00
1.671093750000000044e-01 1.293224402542523688e+00
1.672656250000000011e-01 1.291733304689145267e+00
1.674218749999999978e-01 1.289732501759575545e+00
1.675390625000000022e-01 1.288745423207248608e+00
1.676171875000000144e-01 1.287272332317419110e+00
1.676953124999999989e-01 1.286725827692557500e+00
1.677734375000000111e-01 1.292586613064698575e+00
1.678515624999999956e-01 1.299469211407256575e+00
1.679296875000000078e-01 1.299108389415601694e+00
1.680078124999999922e-01 1.294768821227664901e+00
1.680859375000000044e-01 1.290537909006011841e+00
1.681640625000000167e-01 1.287182701762376702e+00
1.682421875000000011e-01 1.284418415190941687e+00
1.683203125000000133e-01 1.281979299255918692e+00
1.683984374999999978e-01 1.279889286047934283e+00
1.684765625000000100e-01 1.278555883077199029e+00
1.685546874999999944e-01 1.278280461028513226e+00
1.686328125000000067e-01 1.278599100125155097e+00
1.687109374999999911e-01 1.281842653390170117e+00
1.687890625000000033e-01 1.289369583373470629e+00
1.688671875000000155e-01 1.292236891904146923e+00
1.689453125000000000e-01 1.291022271328442272e+00
1.690234375000000122e-01 1.289121024927230019e+00
1.691015624999999967e-01 1.287045625695973916e+00
1.691796875000000089e-01 1.285093949392835944e+00
1.692578124999999933e-01 1.283560993652772320e+00
1.693359375000000056e-01 1.283907747227490015e+00
1.694140624999999900e-01 1.287913513264681065e+00
1.694921875000000022e-01 1.290844975307406495e+00
1.695703125000000144e-01 1.291515407624181044e+00
1.696484374999999989e-01 1.292415202392228624e+00
1.697265625000000111e-01 1.293137197450320741e+00
1.698046874999999956e-01 1.292603309232474906e+00
1.698828125000000078e-01 1.291051309166334704e+00
1.699609374999999922e-01 1.290015774111677338e+00
1.700781249999999967e-01 1.288727016479101373e+00
1.702343749999999933e-01 1.289226027295679478e+00
1.703906249999999900e-01 1.290827019411622256e+00
1.705468750000000144e-01 1.291703749836388138e+00
1.707031250000000111e-01 1.290837916947775055e+00
1.708593750000000078e-01 1.289295049027104012e+00
1.710156250000000044e-01 1.287539818848180140e+00
1.711718750000000011e-01 1.286068593984509789e+00
1.713281249999999978e-01 1.285277705680826887e+00
1.714843749999999944e-01 1.285706186423307251e+00
1.716406249999999911e-01 1.287560359042566605e+00
1.717968750000000155e-01 1.289820527866909705e+00
1.719531250000000122e-01 1.290958128557659457e+00
1.721093750000000089e-01 1.291386447708509966e+00
1.722656250000000056e-01 1.300527595837263295e+00
1.724218750000000022e-01 1.310553393516093124e+00
1.725781249999999989e-01 1.315878742020315961e+00
1.727343749999999956e-01 1.317208283448950690e+00
1.728906249999999922e-01 1.321809094188888700e+00
1.730468750000000167e-01 1.326943909936830535e+00
1.732031250000000133e-01 1.330681221361593947e+00
1.733593750000000100e-01 1.334436851414205982e+00
1.735156250000000067e-01 1.335626300515836640e+00
1.736718750000000033e-01 1.332964485815137268e+00
1.738281250000000000e-01 1.328295058749942692e+00
1.739843749999999967e-01 1.322740411194131438e+00
1.741406249999999933e-01 1.317794621313651104e+00
1.742968749999999900e-01 1.314665165870791519e+00
1.744531250000000144e-01 1.312694097269405225e+00
1.746093750000000111e-01 1.310353017942689879e+00
1.747656250000000078e-01 1.307705380535259199e+00
1.749218750000000044e-01 1.305523535763588594e+00
1.751562500000000133e-01 1.302168010504155315e+00
1.754687500000000067e-01 1.297993713999006760e+00
1.757812500000000000e-01 1.296408734017143294e+00
1.760937499999999933e-01 1.313853941010441506e+00
1.764062500000000144e-01 1.315693481621161842e+00
1.767187500000000078e-01 1.311754635538643354e+00
1.770312500000000011e-01 1.312087720010239433e+00
1.773437499999999944e-01 1.328190864403817173e+00
1.776562500000000155e-01 1.330685345394128527e+00
1.779687500000000089e-01 1.331290666322286098e+00
1.782812500000000022e-01 1.334856679564589976e+00
1.785937499999999956e-01 1.335803915201116299e+00
1.789062500000000167e-01 1.333453087262280734e+00
1.792187500000000100e-01 1.325646102703567752e+00
1.795312500000000033e-01 1.318258871667179033e+00
1.798437499999999967e-01 1.326849624730053856e+00
1.801562499999999900e-01 1.331466410720163029e+00
1.804687500000000111e-01 1.335329364830515342e+00
1.807812500000000044e-01 1.334599686766719584e+00
1.810937499999999978e-01 1.333398737098190789e+00
1.814062499999999911e-01 1.336563777688511978e+00
1.817187500000000122e-01 1.331461357254540401e+00
1.820312500000000056e-01 1.325104326471470584e+00
1.823437499999999989e-01 1.318793438633156789e+00
1.826562499999999922e-01 1.315099403255433730e+00
1.829687500000000133e-01 1.316788238271863642e+00
1.832812500000000067e-01 1.331894294600774131e+00
1.835937500000000000e-01 1.331778423022116575e+00
1.839062499999999933e-01 1.329544737943626709e+00
1.842187500000000144e-01 1.326653730671061515e+00
1.845312500000000078e-01 1.325197225800327727e+00
1.848437500000000011e-01 1.325717920152578833e+00
1.851562499999999944e-01 1.328077261442937473e+00
1.854687500000000155e-01 1.342559895097911848e+00
1.857812500000000089e-01 1.336779064672533046e+00
1.860937500000000022e-01 1.333282403808552008e+00
1.864062499999999956e-01 1.330452249340114523e+00
1.867187500000000167e-01 1.326362972038220400e+00
1.870312500000000100e-01 1.321884126979020024e+00
1.873437500000000033e-01 1.318060838392936418e+00
1.876562499999999967e-01 1.318755823440969088e+00
1.879687500000000178e-01 1.314832720870702243e+00
1.882812500000000111e-01 1.308100642244837797e+00
1.885937500000000044e-01 1.310359337400952562e+00
1.889062499999999978e-01 1.300890818093663581e+00
1.892187499999999911e-01 1.295178319530098321e+00
1.895312500000000122e-01 1.295400081033993178e+00
1.898437500000000056e-01 1.301546279010594942e+00
1.903124999999999956e-01 1.288069381199962615e+00
1.909375000000000100e-01 1.281057511138649296e+00
1.915624999999999967e-01 1.294063340552638941e+00
1.921875000000000111e-01 1.289814572078326060e+00
1.928124999999999978e-01 1.291971198220057904e+00
1.934375000000000122e-01 1.298870682621285022e+00
1.940624999999999989e-01 1.301888903436769107e+00
1.946875000000000133e-01 1.302068049219397228e+00
1.953125000000000000e-01 1.300586112784975157e+00
1.959375000000000144e-01 1.292265368699657024e+00
1.965625000000000011e-01 1.291769611294703246e+00
1.971875000000000155e-01 1.290959668189040954e+00
1.978125000000000022e-01 1.284704178016029541e+00
1.984375000000000167e-01 1.286502482517842605e+00
1.990625000000000033e-01 1.289898127466995170e+00
1.996875000000000178e-01 1.286239779073122369e+00
2.003125000000000044e-01 1.283174853473829646e+00
2.009374999999999911e-01 1.299113596667032633e+00
2.015625000000000056e-01 1.298491484133512452e+00
2.021874999999999922e-01 1.292110046075981789e+00
2.028125000000000067e-01 1.289588680929255604e+00
2.034374999999999933e-01 1.292636548982818434e+00
2.040625000000000078e-01 1.293515774155065801e+00
2.046874999999999944e-01 1.292119476543633461e+00
2.053125000000000089e-01 1.298114454974389709e+00
2.059374999999999956e-01 1.294231544716544668e+00
2.065625000000000100e-01 1.296497826058936376e+00
2.071874999999999967e-01 1.292170302563111939e+00
2.078125000000000111e-01 1.298960515634269175e+00
2.084374999999999978e-01 1.298484161846404916e+00
2.090625000000000122e-01 1.288306408937624381e+00
2.096874999999999989e-01 1.284789149472698844e+00
2.101562500000000167e-01 1.281357084517832368e+00
2.104687500000000100e-01 1.280726433971635991e+00
2.107812500000000033e-01 1.280727707672631333e+00
2.110937499999999967e-01 1.279519684158339832e+00
2.114062500000000178e-01 1.277152197765114572e+00
2.117187500000000111e-01 1.276457516122261548e+00
2.120312500000000044e-01 1.278378257362305259e+00
2.123437499999999978e-01 1.280247985168702751e+00
2.126562499999999911e-01 1.279794883853214715e+00
2.129687500000000122e-01 1.284861005017097213e+00
2.132812500000000056e-01 1.282439485040466343e+00
2.135937499999999989e-01 1.277941575662048690e+00
2.139062499999999922e-01 1.274484262757075603e+00
2.142187500000000133e-01 1.271439192058142487e+00
2.145312500000000067e-01 1.268245464319715188e+00
2.148437500000000000e-01 1.265206447030607251e+00
2.151562499999999933e-01 1.260645679070849123e+00
2.154687500000000144e-01 1.255803068682891155e+00
2.157812500000000078e-01 1.252635764750233749e+00
2.160937500000000011e-01 1.251504251178630511e+00
2.164062499999999944e-01 1.252565031302248721e+00
2.167187500000000155e-01 1.256979639948450078e+00
2.170312500000000089e-01 1.259642555514726592e+00
2.173437500000000022e-01 1.260195756096773811e+00
2.176562499999999956e-01 1.259324778119087274e+00
2.179687500000000167e-01 1.263591878155685189e+00
2.182812500000000100e-01 1.268876219140652628e+00
2.185937500000000033e-01 1.272472246915305805e+00
2.189062499999999967e-01 1.273119098559803541e+00
2.192187500000000178e-01 1.278788875825039861e+00
2.195312500000000111e-01 1.283032652654256811e+00
2.198437500000000044e-01 1.288187337005478161e+00
2.200781250000000133e-01 1.289266820751088005e+00
2.202343750000000100e-01 1.288760310826702282e+00
2.203906250000000067e-01 1.287543928458297238e+00
2.205468750000000033e-01 1.285332770543931247e+00
2.207031250000000000e-01 1.282847792618548866e+00
2.208593749999999967e-01 1.285426494838955769e+00
2.210156249999999933e-01 1.284783319655789402e+00
2.211718750000000178e-01 1.280914324791503356e+00
2.213281250000000144e-01 1.277288564893192868e+00
2.214843750000000111e-01 1.274080974573174707e+00
2.216406250000000078e-01 1.271364078949137832e+00
2.217968750000000044e-01 1.269141360764898252e+00
2.219531250000000011e-01 1.267480776497348582e+00
2.221093749999999978e-01 1.266929285840434627e+00
2.222656249999999944e-01 1.268389807565742267e+00
2.224218749999999911e-01 1.270703468488682431e+00
2.225781250000000155e-01 1.272881804059765365e+00
2.227343750000000122e-01 1.276070615572636235e+00
2.228906250000000089e-01 1.278272392679520975e+00
2.230468750000000056e-01 1.279496214826307598e+00
2.232031250000000022e-01 1.280318990547805846e+00
2.233593749999999989e-01 1.280323653970992126e+00
2.235156249999999956e-01 1.279664317966771270e+00
2.236718749999999922e-01 1.278832114425832556e+00
2.238281250000000167e-01 1.278302770122754284e+00
2.239843750000000133e-01 1.277809571174090220e+00
2.241406250000000100e-01 1.277294367934107777e+00
2.242968750000000067e-01 1.277598920713487907e+00
2.244531250000000033e-01 1.278686863733409673e+00
2.246093750000000000e-01 1.281993716514818082e+00
2.247656249999999967e-01 1.287187121001257761e+00
2.249218749999999933e-01 1.286168575085363752e+00
2.250781250000000178e-01 1.284179505913162878e+00
2.252343750000000144e-01 1.282739287461948541e+00
2.253906250000000111e-01 1.282287481734940782e+00
2.255468750000000078e-01 1.283371119425972706e+00
2.257031250000000044e-01 1.283539958082317023e+00
2.258593750000000011e-01 1.282706959956484871e+00
2.260156249999999978e-01 1.281129150239743497e+00
2.261718749999999944e-01 1.279250122388990496e+00
2.263281249999999911e-01 1.277373532981893156e+00
2.264843750000000155e-01 1.275707860350711931e+00
2.266406250000000122e-01 1.274561979729911920e+00
2.267968750000000089e-01 1.274566312931841860e+00
2.269531250000000056e-01 1.279706013925971497e+00
2.271093750000000022e-01 1.286211272144938134e+00
2.272656249999999989e-01 1.289461347197747187e+00
2.274218749999999956e-01 1.288663866044005957e+00
2.275781249999999922e-01 1.287412382612149964e+00
2.277343750000000167e-01 1.286693746931690363e+00
2.278906250000000133e-01 1.286676650606916716e+00
2.280468750000000100e-01 1.286845547568721049e+00
2.282031250000000067e-01 1.285227354086405649e+00
2.283593750000000033e-01 1.283213385350277402e+00
2.285156250000000000e-01 1.283455295305157895e+00
2.286718749999999967e-01 1.284990203034380274e+00
2.288281249999999933e-01 1.287682085051714109e+00
2.289843750000000178e-01 1.294560699229274636e+00
2.291406250000000144e-01 1.299590103807163333e+00
2.292968750000000111e-01 1.305927787900613923e+00
2.294531250000000078e-01 1.306070499980358290e+00
2.296093750000000044e-01 1.304491823847075960e+00
2.297656250000000011e-01 1.304003719984292209e+00
2.299218749999999978e-01 1.304759150438666415e+00
2.301562500000000067e-01 1.304118189585017129e+00
2.304687500000000000e-01 1.303573192303664197e+00
2.307812499999999933e-01 1.304777211605602893e+00
2.310937500000000144e-01 1.304540846912678909e+00
2.314062500000000078e-01 1.304022153278703744e+00
2.317187500000000011e-01 1.308123554719306636e+00
2.320312499999999944e-01 1.308991762837793171e+00
2.323437500000000155e-01 1.309371688595778904e+00
2.326562500000000089e-01 1.309582201997880224e+00
2.329687500000000022e-01 1.308654341689953871e+00
2.332812499999999956e-01 1.306867830397721253e+00
2.335937500000000167e-01 1.304135581955781831e+00
2.339062500000000100e-01 1.301844317129477790e+00
2.342187500000000033e-01 1.301699134311014028e+00
2.345312499999999967e-01 1.298492737666898655e+00
2.348437500000000178e-01 1.295610896279480784e+00
2.350781249999999989e-01 1.294140877613792817e+00
2.352343749999999956e-01 1.296397751716518165e+00
2.353906249999999922e-01 1.294963580416098381e+00
2.355468750000000167e-01 1.292225905689713628e+00
2.357031250000000133e-01 1.290545885861071440e+00
2.358593750000000100e-01 1.289441501822744973e+00
2.360156250000000067e-01 1.288198322885461655e+00
2.361718750000000033e-01 1.286576655459881424e+00
2.363281250000000000e-01 1.284581129351780593e+00
2.364843749999999967e-01 1.282278450345439413e+00
2.366406249999999933e-01 1.279781060754861421e+00
2.367968750000000178e-01 1.277146434022037091e+00
2.369531250000000144e-01 1.276611812928467815e+00
2.371093750000000111e-01 1.275647711133884199e+00
2.372656250000000078e-01 1.272261318699929866e+00
2.374218750000000044e-01 1.269562600995784551e+00
2.375781250000000011e-01 1.267851391526434002e+00
2.377343749999999978e-01 1.270558046527156204e+00
2.378906249999999944e-01 1.272940303188484723e+00
2.380468749999999911e-01 1.270671739412663870e+00
2.382031250000000155e-01 1.269033417938853159e+00
2.383593750000000122e-01 1.269466053709686681e+00
2.385156250000000089e-01 1.270294017063487768e+00
2.386718750000000056e-01 1.272781541245072034e+00
2.388281250000000022e-01 1.273670485725359791e+00
2.389843749999999989e-01 1.274091726894968746e+00
2.391406249999999956e-01 1.276100501018859967e+00
2.392968749999999922e-01 1.277595686101449912e+00
2.394531250000000167e-01 1.277864861870377844e+00
2.396093750000000133e-01 1.278586862696649895e+00
2.397656250000000100e-01 1.280973489290368583e+00
2.399218750000000067e-01 1.284581821130081458e+00
