# domain lo 0.000000 0.000000 hi 0.304800 0.812800 finest 6 time 1.725000000e-02
0 0 0 191 63
0 0 64 191 127
0 0 128 191 191
0 0 192 191 255
0 0 256 191 319
0 0 320 191 383
0 0 384 191 447
0 0 448 191 511
1 0 0 191 63
1 0 64 191 127
1 0 128 191 191
1 0 192 191 255
1 0 256 191 319
1 0 320 191 383
1 0 384 191 447
1 0 448 191 511
1 0 512 191 575
1 0 576 191 639
1 0 640 191 703
1 0 704 191 767
2 0 0 255 127
2 0 128 255 255
2 0 256 255 383
2 0 384 255 511
2 0 512 255 639
2 0 640 255 767
2 0 768 255 895
2 0 896 255 1023
2 0 1024 255 1151
2 0 1152 255 1279
3 0 0 383 255
3 0 256 383 511
3 0 512 383 767
3 0 768 383 1023
3 0 1024 383 1279
3 0 1280 383 1535
3 0 1536 383 1791
3 0 1792 383 2047
4 0 0 511 511
4 0 512 511 895
4 0 896 511 1279
4 0 1280 511 1663
4 0 1664 319 2175
4 0 2176 319 2687
4 0 2688 319 3071
4 320 1664 575 1983
4 320 1984 575 2239
4 512 2240 575 2303
4 640 2496 703 2559
4 576 2560 703 2687
4 512 2624 575 2687
4 320 2240 511 2623
4 320 2624 511 2879
4 320 2880 447 3071
5 448 0 511 63
5 512 64 639 191
5 704 64 767 191
5 576 256 703 319
5 704 768 831 895
5 448 896 575 1023
5 448 1024 511 1087
5 448 1088 703 1215
5 448 1216 511 1279
5 576 1216 639 1279
5 640 1344 703 1407
5 448 1280 575 1791
5 448 1792 959 2175
5 448 2176 895 2495
5 448 2496 895 2751
5 448 2752 767 3071
5 0 0 447 511
5 0 512 447 1023
5 0 1024 447 1535
5 0 1536 447 2047
5 0 2048 447 2559
5 0 2560 447 3071
5 0 3072 447 3583
5 0 3584 447 4095
5 448 3392 767 3775
5 768 3392 1023 3775
5 448 3776 767 4095
5 768 3776 1023 4095
6 320 0 831 511
6 320 512 831 1023
6 0 640 255 1023
6 0 1024 319 1151
6 384 1024 703 1471
6 192 1152 255 1215
6 256 1152 383 1279
6 256 1344 319 1407
6 384 1472 639 1983
6 192 1792 255 1855
6 64 1856 191 1919
6 640 1856 831 1983
6 0 1920 127 2047
6 832 1920 1023 1983
6 384 1984 703 2303
6 704 1984 959 2303
6 384 2304 703 2559
6 704 2304 959 2559
6 320 2304 383 2367
6 384 2560 831 3007
6 832 2560 895 2623
6 1024 2688 1087 2815
6 960 2816 1023 2879
6 896 2880 1023 3007
6 832 2944 895 3007
6 384 3008 895 3263
6 0 3072 127 3135
6 192 3136 383 3263
6 0 3200 191 3263
6 256 3264 639 3711
6 640 3264 895 3711
6 256 3712 639 4095
6 640 3712 895 4095
6 0 3264 127 3583
6 0 3584 63 3647
6 128 3648 191 3711
6 1216 3776 1279 3967
6 128 3840 191 3903
6 0 4032 63 4095
