# domain lo 0.000000 0.000000 hi 0.304800 0.812800 finest 5 time 2.400000000e-03
0 0 0 191 255
0 0 256 191 511
1 0 0 63 127
2 0 0 95 223
3 0 0 175 223
3 0 224 175 415
4 0 0 255 223
4 0 224 255 415
4 0 416 159 495
4 160 416 303 495
4 0 496 79 511
4 80 496 143 527
4 144 496 191 543
4 192 496 335 607
4 48 512 79 527
4 64 528 79 543
4 0 512 15 607
4 112 544 191 607
4 0 608 31 623
4 32 608 191 687
4 192 608 335 687
4 0 624 15 639
4 0 640 31 655
4 16 656 31 671
4 0 672 31 687
4 0 688 95 719
4 112 688 175 703
4 176 688 319 719
4 160 704 175 719
4 0 720 79 735
4 144 720 191 767
4 192 720 303 735
4 16 736 79 751
4 192 736 239 751
4 256 736 287 751
4 48 752 63 767
4 240 752 271 767
5 0 0 47 255
5 0 256 47 511
5 0 512 47 767
5 192 0 351 191
5 192 192 383 383
5 192 384 447 639
5 192 640 447 767
