# domain lo 0.000000 0.000000 hi 0.304800 0.812800 finest 4 time 2.400000000e-03
0 0 0 191 255
0 0 256 191 511
1 0 0 63 127
2 0 0 95 223
3 0 0 175 223
3 0 224 175 415
4 0 0 255 255
4 0 256 255 511
4 256 416 271 431
4 256 432 287 463
4 256 464 303 479
4 256 480 319 511
4 128 512 143 543
4 144 512 335 655
4 112 544 143 591
4 96 576 111 591
4 0 512 15 639
4 48 624 63 655
4 64 624 79 639
4 64 640 95 655
4 16 608 47 671
4 80 656 95 671
4 96 592 143 687
4 144 656 255 767
4 256 656 319 703
4 64 672 79 687
4 64 688 95 751
4 96 688 111 719
4 112 688 143 703
4 0 672 63 719
4 112 704 127 719
4 256 704 303 735
4 32 720 63 735
4 48 736 63 751
4 256 736 287 751
4 256 752 271 767
