# domain lo 0.000000 -0.203200 -0.203200 hi 0.609600 0.203200 0.203200  finest 5  time 1.016000000e-02
0 0 0 0 63 63 63
0 64 0 0 127 63 63
0 128 0 0 191 63 63
0 0 64 0 63 127 63
0 64 64 0 127 127 63
0 128 64 0 191 127 63
0 0 0 64 63 63 127
0 64 0 64 127 63 127
0 128 0 64 191 63 127
0 0 64 64 63 127 127
0 64 64 64 127 127 127
0 128 64 64 191 127 127
1 32 64 64 159 127 127
1 32 64 128 159 127 191
1 32 128 64 159 191 127
1 32 128 128 159 191 191
1 0 0 0 31 127 127
1 0 0 128 31 127 255
1 0 128 0 31 255 127
1 0 128 128 31 255 255
2 0 192 192 127 255 255
2 0 192 256 127 255 319
2 0 256 192 127 319 255
2 0 256 256 127 319 319
2 128 192 192 255 255 255
2 128 192 256 255 255 319
2 128 256 192 255 319 255
2 128 256 256 255 319 319
3 0 432 432 95 511 511
3 0 432 512 95 511 591
3 0 512 432 95 591 511
3 0 512 512 95 591 591
3 96 432 432 191 511 511
3 96 432 512 191 511 591
3 96 512 432 191 591 511
3 96 512 512 191 591 591
3 192 432 432 287 511 511
3 192 432 512 287 511 591
3 192 512 432 287 591 511
3 192 512 512 287 591 591
4 0 928 928 255 1023 1023
4 0 928 1024 255 1023 1119
4 0 1024 928 255 1119 1023
4 0 1024 1024 255 1119 1119
4 256 896 992 383 911 1055
4 256 912 960 383 927 1087
4 256 928 928 383 959 1119
4 256 960 912 383 975 1007
4 256 960 1040 383 975 1135
4 256 976 912 383 991 975
4 256 976 1072 383 991 1135
4 256 992 896 383 1007 975
4 256 992 1072 383 1007 1151
4 256 1008 896 383 1039 959
4 256 1008 1088 383 1039 1151
4 256 1040 896 383 1055 975
4 256 1040 1072 383 1055 1151
4 256 1056 912 383 1071 975
4 256 1056 1072 383 1071 1135
4 256 1072 912 383 1087 1007
4 256 1072 1040 383 1087 1135
4 256 1088 928 383 1119 1119
4 256 1120 960 383 1135 1087
4 256 1136 992 383 1151 1055
4 384 896 960 511 911 1087
4 384 912 928 511 927 1119
4 384 928 912 511 943 1135
4 384 944 912 511 959 1007
4 384 944 1040 511 959 1135
4 384 960 896 511 975 975
4 384 960 1072 511 975 1151
4 384 976 896 511 1007 959
4 384 976 1088 511 1007 1151
4 384 1008 896 511 1039 943
4 384 1008 1104 511 1039 1151
4 384 1040 896 511 1071 959
4 384 1040 1088 511 1071 1151
4 384 1072 896 511 1087 975
4 384 1072 1072 511 1087 1151
4 384 1088 912 511 1103 1007
4 384 1088 1040 511 1103 1135
4 384 1104 912 511 1119 1135
4 384 1120 928 511 1135 1119
4 384 1136 960 511 1151 1087
5 0 1888 1968 191 1903 2127
5 0 1904 1936 191 1919 2159
5 0 1920 1920 191 1935 2175
5 0 1936 1904 191 1951 2191
5 0 1952 1904 191 1967 2031
5 0 1952 2064 191 1967 2191
5 0 1968 1888 191 1983 1999
5 0 1968 2096 191 1983 2207
5 0 1984 1888 191 1999 1983
5 0 1984 2112 191 1999 2207
5 0 2000 1888 191 2031 1967
5 0 2000 2128 191 2031 2207
5 0 2032 1888 191 2063 1951
5 0 2032 2144 191 2063 2207
5 0 2064 1888 191 2095 1967
5 0 2064 2128 191 2095 2207
5 0 2096 1888 191 2111 1983
5 0 2096 2112 191 2111 2207
5 0 2112 1888 191 2127 1999
5 0 2112 2096 191 2127 2207
5 0 2128 1904 191 2143 2031
5 0 2128 2064 191 2143 2191
5 0 2144 1904 191 2159 2191
5 0 2160 1920 191 2175 2175
5 0 2176 1936 191 2191 2159
5 0 2192 1968 191 2207 2127
