# domain lo 0.000000 -0.203200 -0.203200 hi 0.609600 0.203200 0.203200  finest 5  time 6.500150298e-03
0 0 0 0 63 63 63
0 64 0 0 127 63 63
0 128 0 0 191 63 63
0 0 64 0 63 127 63
0 64 64 0 127 127 63
0 128 64 0 191 127 63
0 0 0 64 63 63 127
0 64 0 64 127 63 127
0 128 0 64 191 63 127
0 0 64 64 63 127 127
0 64 64 64 127 127 127
0 128 64 64 191 127 127
1 0 32 0 31 95 63
1 0 96 0 63 159 63
1 0 160 0 31 223 63
1 64 96 32 159 159 63
1 0 0 64 31 63 95
1 0 64 64 31 159 159
1 0 160 64 31 255 159
1 32 64 64 95 159 159
1 96 64 64 159 159 159
1 32 160 64 95 223 159
1 96 160 64 159 223 159
1 32 64 160 95 159 223
1 96 64 160 159 159 223
1 32 160 160 95 223 223
1 96 160 160 159 223 223
1 160 64 64 223 127 127
1 224 64 64 287 127 127
1 160 128 64 223 191 127
1 224 128 64 287 191 127
1 160 64 128 223 127 191
1 224 64 128 287 127 191
1 160 128 128 223 191 191
1 224 128 128 287 191 191
1 288 96 96 383 159 127
1 0 0 96 63 63 159
1 64 32 96 159 63 159
1 288 96 128 383 159 159
1 0 0 160 31 63 223
1 352 96 160 383 127 191
1 0 64 160 31 159 191
1 0 160 160 31 255 191
1 0 64 192 31 159 255
1 0 160 192 31 223 255
2 0 192 192 95 255 255
2 96 192 192 191 255 255
2 192 192 192 287 255 255
2 288 192 192 383 255 255
2 384 192 192 447 255 255
2 448 192 192 511 255 255
2 0 256 192 95 319 255
2 96 256 192 191 319 255
2 192 256 192 287 319 255
2 288 256 192 383 319 255
2 384 256 192 447 319 255
2 448 256 192 511 319 255
2 0 192 256 95 255 319
2 96 192 256 191 255 319
2 192 192 256 287 255 319
2 288 192 256 383 255 319
2 384 192 256 447 255 319
2 448 192 256 511 255 319
2 0 256 256 95 319 319
2 96 256 256 191 319 319
2 192 256 256 287 319 319
2 288 256 256 383 319 319
2 384 256 256 447 319 319
2 448 256 256 511 319 319
3 0 416 416 95 511 511
3 96 416 416 191 511 511
3 192 416 416 287 511 511
3 288 416 416 351 511 511
3 0 512 416 95 607 511
3 96 512 416 191 607 511
3 192 512 416 287 607 511
3 288 512 416 351 607 511
3 0 416 512 95 511 607
3 96 416 512 191 511 607
3 192 416 512 287 511 607
3 288 416 512 351 511 607
3 0 512 512 95 607 607
3 96 512 512 191 607 607
3 192 512 512 287 607 607
3 288 512 512 351 607 607
4 224 864 864 319 959 959
4 320 864 864 415 959 959
4 416 864 864 479 959 959
4 224 960 864 319 1055 959
4 320 960 864 415 1055 959
4 416 960 864 479 1055 959
4 224 1056 864 319 1119 959
4 320 1056 864 415 1119 959
4 416 1056 864 479 1119 959
4 224 1120 864 319 1183 959
4 320 1120 864 415 1183 959
4 416 1120 864 479 1183 959
4 224 864 960 319 959 1055
4 320 864 960 415 959 1055
4 416 864 960 479 959 1055
4 224 960 960 319 1055 1055
4 320 960 960 415 1055 1055
4 416 960 960 479 1055 1055
4 224 1056 960 319 1119 1055
4 320 1056 960 415 1119 1055
4 416 1056 960 479 1119 1055
4 224 1120 960 319 1183 1055
4 320 1120 960 415 1183 1055
4 416 1120 960 479 1183 1055
4 224 864 1056 319 959 1119
4 320 864 1056 415 959 1119
4 416 864 1056 479 959 1119
4 224 960 1056 319 1055 1119
4 320 960 1056 415 1055 1119
4 416 960 1056 479 1055 1119
4 224 1056 1056 319 1119 1119
4 320 1056 1056 415 1119 1119
4 416 1056 1056 479 1119 1119
4 224 1120 1056 319 1183 1119
4 320 1120 1056 415 1183 1119
4 416 1120 1056 479 1183 1119
4 224 864 1120 319 959 1183
4 320 864 1120 415 959 1183
4 416 864 1120 479 959 1183
4 224 960 1120 319 1055 1183
4 320 960 1120 415 1055 1183
4 416 960 1120 479 1055 1183
4 224 1056 1120 319 1119 1183
4 320 1056 1120 415 1119 1183
4 416 1056 1120 479 1119 1183
4 224 1120 1120 319 1183 1183
4 320 1120 1120 415 1183 1183
4 416 1120 1120 479 1183 1183
4 0 896 864 95 991 959
4 96 896 864 159 991 959
4 160 896 864 223 991 959
4 0 992 864 95 1087 959
4 96 992 864 159 1087 959
4 160 992 864 223 1087 959
4 0 1088 864 95 1151 959
4 96 1088 864 159 1151 959
4 160 1088 864 223 1151 959
4 0 896 960 95 991 1055
4 96 896 960 159 991 1055
4 160 896 960 223 991 1055
4 0 992 960 95 1087 1055
4 96 992 960 159 1087 1055
4 160 992 960 223 1087 1055
4 0 1088 960 95 1151 1055
4 96 1088 960 159 1151 1055
4 160 1088 960 223 1151 1055
4 0 896 1056 95 991 1119
4 96 896 1056 159 991 1119
4 160 896 1056 223 991 1119
4 0 992 1056 95 1087 1119
4 96 992 1056 159 1087 1119
4 160 992 1056 223 1087 1119
4 0 1088 1056 95 1151 1119
4 96 1088 1056 159 1151 1119
4 160 1088 1056 223 1151 1119
4 0 896 1120 95 991 1183
4 96 896 1120 159 991 1183
4 160 896 1120 223 991 1183
4 0 992 1120 95 1087 1183
4 96 992 1120 159 1087 1183
4 160 992 1120 223 1087 1183
4 0 1088 1120 95 1151 1183
4 96 1088 1120 159 1151 1183
4 160 1088 1120 223 1151 1183
4 480 1024 864 511 1055 895
4 480 864 896 575 959 991
4 576 864 896 639 959 991
4 480 960 896 575 1023 991
4 576 960 896 639 1023 991
4 480 864 992 575 959 1087
4 576 864 992 639 959 1087
4 480 960 992 575 1023 1087
4 576 960 992 639 1023 1087
4 480 1024 896 543 1119 959
4 544 1024 896 639 1087 959
4 544 1088 896 639 1151 959
4 480 1024 960 575 1119 1023
4 576 1024 960 639 1119 1023
4 480 1120 960 575 1183 1023
4 576 1120 960 639 1183 1023
4 480 1024 1024 575 1119 1087
4 576 1024 1024 639 1119 1087
4 480 1120 1024 575 1183 1087
4 576 1120 1024 639 1183 1087
4 480 896 1088 543 959 1151
4 480 960 1088 543 1023 1151
4 480 1024 1088 543 1119 1119
4 544 896 1088 639 991 1119
4 544 992 1088 639 1055 1119
4 544 1056 1088 639 1119 1119
4 608 928 1120 639 959 1151
4 480 1024 1120 543 1087 1151
4 544 960 1120 639 1023 1183
4 544 1024 1120 639 1087 1183
4 576 1088 1120 607 1151 1151
4 512 1024 1152 543 1055 1183
5 0 1920 1792 95 2015 1887
5 96 1920 1792 191 2015 1887
5 192 1920 1792 287 2015 1887
5 288 1920 1792 383 2015 1887
5 384 1920 1792 479 2015 1887
5 480 1920 1792 575 2015 1887
5 576 1920 1792 671 2015 1887
5 672 1920 1792 767 2015 1887
5 768 1920 1792 831 2015 1887
5 832 1920 1792 895 2015 1887
5 0 2016 1792 95 2111 1887
5 96 2016 1792 191 2111 1887
5 192 2016 1792 287 2111 1887
5 288 2016 1792 383 2111 1887
5 384 2016 1792 479 2111 1887
5 480 2016 1792 575 2111 1887
5 576 2016 1792 671 2111 1887
5 672 2016 1792 767 2111 1887
5 768 2016 1792 831 2111 1887
5 832 2016 1792 895 2111 1887
5 0 1920 1888 95 2015 1983
5 96 1920 1888 191 2015 1983
5 192 1920 1888 287 2015 1983
5 288 1920 1888 383 2015 1983
5 384 1920 1888 479 2015 1983
5 480 1920 1888 575 2015 1983
5 576 1920 1888 671 2015 1983
5 672 1920 1888 767 2015 1983
5 768 1920 1888 831 2015 1983
5 832 1920 1888 895 2015 1983
5 0 2016 1888 95 2111 1983
5 96 2016 1888 191 2111 1983
5 192 2016 1888 287 2111 1983
5 288 2016 1888 383 2111 1983
5 384 2016 1888 479 2111 1983
5 480 2016 1888 575 2111 1983
5 576 2016 1888 671 2111 1983
5 672 2016 1888 767 2111 1983
5 768 2016 1888 831 2111 1983
5 832 2016 1888 895 2111 1983
5 0 1920 1984 95 2015 2047
5 96 1920 1984 191 2015 2047
5 192 1920 1984 287 2015 2047
5 288 1920 1984 383 2015 2047
5 384 1920 1984 479 2015 2047
5 480 1920 1984 575 2015 2047
5 576 1920 1984 671 2015 2047
5 672 1920 1984 767 2015 2047
5 768 1920 1984 831 2015 2047
5 832 1920 1984 895 2015 2047
5 0 2016 1984 95 2111 2047
5 96 2016 1984 191 2111 2047
5 192 2016 1984 287 2111 2047
5 288 2016 1984 383 2111 2047
5 384 2016 1984 479 2111 2047
5 480 2016 1984 575 2111 2047
5 576 2016 1984 671 2111 2047
5 672 2016 1984 767 2111 2047
5 768 2016 1984 831 2111 2047
5 832 2016 1984 895 2111 2047
5 0 1920 2048 95 2015 2111
5 96 1920 2048 191 2015 2111
5 192 1920 2048 287 2015 2111
5 288 1920 2048 383 2015 2111
5 384 1920 2048 479 2015 2111
5 480 1920 2048 575 2015 2111
5 576 1920 2048 671 2015 2111
5 672 1920 2048 767 2015 2111
5 768 1920 2048 831 2015 2111
5 832 1920 2048 895 2015 2111
5 0 2016 2048 95 2111 2111
5 96 2016 2048 191 2111 2111
5 192 2016 2048 287 2111 2111
5 288 2016 2048 383 2111 2111
5 384 2016 2048 479 2111 2111
5 480 2016 2048 575 2111 2111
5 576 2016 2048 671 2111 2111
5 672 2016 2048 767 2111 2111
5 768 2016 2048 831 2111 2111
5 832 2016 2048 895 2111 2111
5 384 2112 1824 415 2143 1855
5 576 2112 1824 639 2175 1855
5 640 2112 1824 735 2175 1887
5 736 2112 1824 831 2175 1887
5 832 2112 1824 895 2175 1887
5 640 2112 1888 735 2175 1951
5 736 2112 1888 831 2175 1951
5 832 2112 1888 895 2175 1951
5 576 1856 1856 639 1919 1919
5 704 1856 1856 799 1919 1919
5 800 1856 1856 895 1919 1919
5 544 1888 1856 575 1919 1887
5 640 1888 1856 703 1919 1919
5 96 2112 1856 191 2175 1951
5 96 2176 1856 191 2239 1951
5 96 2112 1952 191 2175 2047
5 96 2176 1952 191 2239 2047
5 96 2112 2048 191 2175 2111
5 96 2176 2048 191 2239 2111
5 192 2112 1856 287 2143 1919
5 288 2112 1856 351 2143 1919
5 352 2112 1856 415 2207 1919
5 416 2112 1856 479 2207 1919
5 480 2112 1856 543 2175 1919
5 544 2112 1856 639 2175 1919
5 544 2176 1856 639 2239 1919
5 320 2144 1856 351 2175 1887
5 640 2176 1856 703 2239 1887
5 736 2176 1856 799 2207 1887
5 832 2176 1856 895 2239 1887
5 800 2208 1856 831 2239 1887
5 512 1856 1888 575 1919 1919
5 160 1888 1888 255 1919 1919
5 256 1888 1888 351 1919 1919
5 352 1888 1888 447 1919 1919
5 448 1888 1888 511 1919 1919
5 0 2112 1888 31 2143 1919
5 32 2112 1888 95 2175 1919
5 192 2144 1888 287 2207 1919
5 288 2144 1888 351 2207 1919
5 480 2176 1888 543 2239 1919
5 640 2176 1888 735 2271 1951
5 736 2176 1888 831 2271 1951
5 832 2176 1888 895 2271 1951
5 448 1824 1920 543 1919 1983
5 544 1824 1920 639 1919 1983
5 640 1824 1920 735 1919 1983
5 736 1824 1920 831 1919 1983
5 832 1824 1920 895 1919 1983
5 160 1856 1920 255 1919 1983
5 256 1856 1920 351 1919 1983
5 352 1856 1920 447 1919 1983
5 32 1888 1920 95 1919 1983
5 96 1888 1920 159 1919 1951
5 0 2112 1920 95 2207 1983
5 192 2112 1920 287 2175 2015
5 288 2112 1920 351 2175 2015
5 192 2176 1920 287 2239 2015
5 288 2176 1920 351 2239 2015
5 480 2112 1920 575 2207 2015
5 576 2112 1920 639 2207 2015
5 480 2208 1920 575 2303 2015
5 576 2208 1920 639 2303 2015
5 480 2112 2016 575 2207 2111
5 576 2112 2016 639 2207 2111
5 480 2208 2016 575 2303 2111
5 576 2208 2016 639 2303 2111
5 352 1824 1952 383 1855 1983
5 96 1856 1952 159 1919 1983
5 0 1888 1952 31 1919 1983
5 640 2112 1952 735 2207 2047
5 736 2112 1952 831 2207 2047
5 832 2112 1952 895 2207 2047
5 640 2208 1952 735 2303 2047
5 736 2208 1952 831 2303 2047
5 832 2208 1952 895 2303 2047
5 640 2112 2048 735 2207 2111
5 736 2112 2048 831 2207 2111
5 832 2112 2048 895 2207 2111
5 640 2208 2048 735 2303 2111
5 736 2208 2048 831 2303 2111
5 832 2208 2048 895 2303 2111
5 480 1792 1984 575 1855 2047
5 576 1792 1984 671 1855 2047
5 672 1792 1984 767 1855 2047
5 768 1792 1984 831 1855 2047
5 832 1792 1984 895 1855 2047
5 480 1856 1984 575 1919 2047
5 576 1856 1984 671 1919 2047
5 672 1856 1984 767 1919 2047
5 768 1856 1984 831 1919 2047
5 832 1856 1984 895 1919 2047
5 480 1792 2048 575 1855 2111
5 576 1792 2048 671 1855 2111
5 672 1792 2048 767 1855 2111
5 768 1792 2048 831 1855 2111
5 832 1792 2048 895 1855 2111
5 480 1856 2048 575 1919 2111
5 576 1856 2048 671 1919 2111
5 672 1856 2048 767 1919 2111
5 768 1856 2048 831 1919 2111
5 832 1856 2048 895 1919 2111
5 224 1824 1984 319 1919 2047
5 320 1824 1984 415 1919 2047
5 416 1824 1984 479 1919 2047
5 224 1824 2048 319 1919 2111
5 320 1824 2048 415 1919 2111
5 416 1824 2048 479 1919 2111
5 0 1856 1984 95 1919 2047
5 96 1856 1984 159 1919 2047
5 160 1856 1984 223 1919 2047
5 0 1856 2048 95 1919 2111
5 96 1856 2048 159 1919 2111
5 160 1856 2048 223 1919 2111
5 0 2112 1984 95 2175 2047
5 0 2176 1984 95 2239 2047
5 0 2112 2048 95 2175 2111
5 0 2176 2048 95 2239 2111
5 192 2112 2016 287 2207 2111
5 288 2112 2016 351 2207 2111
5 192 2208 2016 287 2271 2111
5 288 2208 2016 351 2271 2111
5 352 2112 1920 415 2207 2015
5 416 2112 1920 479 2207 2015
5 352 2208 1920 415 2271 2015
5 416 2208 1920 479 2271 2015
5 352 2112 2016 415 2207 2111
5 416 2112 2016 479 2207 2111
5 352 2208 2016 415 2271 2111
5 416 2208 2016 479 2271 2111
5 384 1824 2112 479 1919 2143
5 544 1824 2112 575 1855 2143
5 576 1824 2112 671 1919 2175
5 672 1824 2112 735 1919 2175
5 736 1824 2112 799 1919 2175
5 800 1824 2112 863 1855 2143
5 96 1856 2112 191 1919 2143
5 192 1856 2112 255 1919 2143
5 256 1856 2112 319 1919 2143
5 320 1856 2112 383 1919 2207
5 480 1856 2112 575 1919 2175
5 0 1888 2112 63 1919 2143
5 64 1888 2112 95 1919 2175
5 0 1920 2112 95 2015 2175
5 96 1920 2112 191 2015 2175
5 0 2016 2112 95 2079 2175
5 96 2016 2112 191 2079 2175
5 0 1920 2176 95 2015 2239
5 96 1920 2176 191 2015 2239
5 0 2016 2176 95 2079 2239
5 96 2016 2176 191 2079 2239
5 192 1920 2112 287 2015 2207
5 288 1920 2112 383 2015 2207
5 384 1920 2112 479 2015 2207
5 480 1920 2112 575 2015 2207
5 576 1920 2112 671 2015 2207
5 672 1920 2112 767 2015 2207
5 768 1920 2112 831 2015 2207
5 832 1920 2112 895 2015 2207
5 192 2016 2112 287 2079 2207
5 288 2016 2112 383 2079 2207
5 384 2016 2112 479 2079 2207
5 480 2016 2112 575 2079 2207
5 576 2016 2112 671 2079 2207
5 672 2016 2112 767 2079 2207
5 768 2016 2112 831 2079 2207
5 832 2016 2112 895 2079 2207
5 192 1920 2208 287 2015 2303
5 288 1920 2208 383 2015 2303
5 384 1920 2208 479 2015 2303
5 480 1920 2208 575 2015 2303
5 576 1920 2208 671 2015 2303
5 672 1920 2208 767 2015 2303
5 768 1920 2208 831 2015 2303
5 832 1920 2208 895 2015 2303
5 192 2016 2208 287 2079 2303
5 288 2016 2208 383 2079 2303
5 384 2016 2208 479 2079 2303
5 480 2016 2208 575 2079 2303
5 576 2016 2208 671 2079 2303
5 672 2016 2208 767 2079 2303
5 768 2016 2208 831 2079 2303
5 832 2016 2208 895 2079 2303
5 0 2080 2112 95 2175 2175
5 96 2080 2112 191 2175 2175
5 192 2080 2112 287 2175 2175
5 288 2080 2112 383 2175 2175
5 384 2080 2112 479 2175 2175
5 480 2080 2112 575 2175 2175
5 576 2080 2112 671 2175 2175
5 672 2080 2112 767 2175 2175
5 768 2080 2112 831 2175 2175
5 832 2080 2112 895 2175 2175
5 0 2176 2112 95 2271 2175
5 96 2176 2112 191 2271 2175
5 192 2176 2112 287 2271 2175
5 288 2176 2112 383 2271 2175
5 384 2176 2112 479 2271 2175
5 480 2176 2112 575 2271 2175
5 576 2176 2112 671 2271 2175
5 672 2176 2112 767 2271 2175
5 768 2176 2112 831 2271 2175
5 832 2176 2112 895 2271 2175
5 256 1856 2144 319 1919 2175
5 384 1856 2144 479 1919 2207
5 96 1888 2144 159 1919 2175
5 160 1888 2144 255 1919 2207
5 576 1856 2176 671 1919 2239
5 672 1856 2176 735 1919 2239
5 736 1856 2176 799 1919 2207
5 800 1856 2112 895 1919 2175
5 800 1856 2176 895 1919 2239
5 256 1888 2176 319 1919 2207
5 480 1888 2176 575 1919 2239
5 0 2080 2176 95 2143 2239
5 96 2080 2176 191 2143 2239
5 192 2080 2176 287 2143 2239
5 288 2080 2176 351 2143 2239
5 352 2080 2176 447 2143 2271
5 448 2080 2176 543 2143 2271
5 544 2080 2176 607 2143 2271
5 608 2080 2176 671 2143 2271
5 672 2080 2176 735 2143 2239
5 736 2080 2176 799 2143 2239
5 800 2080 2176 895 2143 2239
5 800 2080 2240 895 2143 2303
5 64 2144 2176 159 2207 2207
5 160 2144 2176 255 2207 2207
5 256 2144 2176 351 2207 2207
5 352 2144 2176 415 2175 2239
5 416 2144 2176 479 2175 2239
5 480 2144 2176 575 2207 2239
5 576 2144 2176 671 2175 2239
5 672 2144 2176 767 2239 2207
5 768 2144 2176 831 2239 2207
5 832 2144 2176 895 2239 2207
5 352 2176 2176 415 2207 2207
5 416 2176 2176 479 2239 2207
5 576 2176 2176 671 2239 2207
5 736 1888 2208 767 1919 2239
5 320 2144 2208 351 2175 2239
5 672 2144 2208 735 2175 2271
5 736 2144 2208 799 2175 2239
5 800 2144 2208 895 2207 2271
5 448 2176 2208 479 2207 2239
5 608 2176 2208 671 2207 2239
5 672 2176 2208 767 2239 2239
5 672 2080 2240 703 2143 2303
5 704 2080 2240 767 2143 2271
