# 1-d slice in x-direction, file: /shared/solver_ab/run_old/plot/plt00400
# time = 9.0766057963441506e-05
#                       x                  Density               x_velocity               y_velocity                 pressure              temperature
   3.9062500000000001e-05       1.3980186298407913      -1.2650520372463221       223.38629990862532       137891.30438885887       343.54868734619606
             0.0001171875       1.4621390244452193       -3.114318637684526       281.01121475412685       137960.87030090037       328.64848094831626
   0.00019531250000000001       1.5607527432553328      -3.2120878775619981       347.55717888692504       137499.36964803704       306.85342331050089
   0.00027343750000000003       1.6358801789082784      -2.8974189912754063       387.02936882654836       137185.14056119413       292.09219660226046
   0.00035156249999999999       1.6601657727473531        -3.02663255897173       400.24804242317634       136725.74162172835       286.85551527108157
             0.0004296875       1.6661363646438672      -3.4310721141655556       404.32813183839829       136329.09097655528       284.99836471256674
   0.00050781250000000002       1.6720879606944179      -3.2643338161211104       407.10662727662231       136133.32560825491       283.57615303123191
   0.00058593749999999998       1.6793850902809557      -2.5005256286460353        410.3447440462221       136098.67967254054        282.2721240915842
   0.00066406250000000005       1.6823089688557202      -1.5447658007165708       414.06759857560849       135687.77744405295       280.93079034542114
   0.00074218750000000001       1.6849022563482197     -0.77657866503251893       416.46939034324117       135467.74438099892       280.04354083929491
   0.00082031249999999997        1.688356490645162      -1.1729175264005332       417.04453907106614       135654.86918528529       279.85663484122279
   0.00089843750000000004        1.682580006067236      -3.4498375409882209       418.14613975511833       135007.97930249368       279.47829534843737
             0.0009765625       1.5745448463906424      -19.970008584761185       430.56061858020058       122954.95273348973       271.99152051199439
    0.0010546875000000001       1.3316057266674659      -62.143085161993639       465.47331053486374       97046.679078432833       253.84545780949691
    0.0011328124999999999       1.2080376636183521      -83.824745818820986       484.84931359269643       84517.916751293116       243.68717958769949
             0.0012109375       1.1878510015241344      -85.247307392555754       488.21499185081962       82525.817122753942       241.98711252024142
    0.0012890625000000001       1.1740349936271266      -85.125290239965523       490.35691181140652       81180.712612337462       240.84419878735855
    0.0013671875000000001       1.1635591650278254       -84.65820560456207       492.26225419335327       80164.155960854259       239.96954354747507
             0.0014453125       1.1551458418435787      -83.965593716533405       493.80538114355193       79350.056241867889       239.26258593105919
    0.0015234375000000001       1.1483322630138428      -83.113092482494537       495.07791996689878       78692.587327232701       238.68802469577906
    0.0016015625000000001       1.1426754360683717      -82.127114011002092       496.19121458905181       78148.268951657577       238.21046859386408
             0.0016796875       1.1380171451583854      -81.043844088648754       497.16539388288999       77701.164289159351       237.81710812585192
             0.0017578125       1.1343386724010942       -79.91251030524262       498.00075947846767       77348.801341107115       237.50634803239535
    0.0018359375000000001       1.1315668030132757      -78.769956602815668       498.70582582706265       77083.653759606066       237.27198659250757
             0.0019140625       1.1295939339242254      -77.636235518961868       499.29682914885848       76895.087092747824       237.10494637737762
             0.0019921875       1.1283601352354109      -76.529852508968276       499.79229255203592       76777.157736777212       237.00017620829053
    0.0020703125000000001       1.1278635540078663      -75.475214409482589        500.2067690888943        76729.55031798374       236.95750175352848
    0.0021484375000000002       1.1280393392941581      -74.476452572930228       500.55163800285874       76746.027624406735       236.97145362168456
    0.0022265625000000002       1.1286131628623721      -73.480109449124726       500.84212358614423       76800.453533021617       237.01893702283763
    0.0023046874999999999       1.1291466266743231      -72.387640649090685       501.09854280253876       76851.062778616455       237.06307247781928
    0.0023828124999999999       1.1293073480653384      -71.127032224996725       501.33828448058983       76866.167847798832       237.07592209704285
             0.0024609375       1.1291592249756535      -69.729655387422667       501.56410253409399       76851.867353027352        237.0629093573109
    0.0025390625000000001       1.1291433923864878      -68.325350268832779        501.7638941796065       76850.203167209518        237.0610998572773
    0.0026171875000000002        1.129686414592276      -67.037222049225349       501.92550054157999       76901.809204705496       237.10626185715728
    0.0026953125000000002       1.1308287128214021      -65.882871093178252       502.05038591898978       77010.560544640932       237.20171783366882
    0.0027734374999999999       1.1322867603323576      -64.789768634685117       502.15302963026733        77149.48422075127       237.32362328788642
    0.0028515624999999999       1.1337613668488351      -63.681327118760763       502.24638633351816       77290.071456950493       237.44685792434854
             0.0029296875       1.1350934619845139      -62.520589512937448       502.33240838226681       77417.138470390695        237.5581119431005
    0.0030078125000000001       1.1362865560486106      -61.314665427225876       502.40566848244299       77531.004776704489       237.65771456815864
    0.0030859375000000001       1.1374725076079599      -60.103210756046664       502.46401913171707       77644.256280198591       237.75671858552644
    0.0031640625000000002       1.1387699313176793      -58.921363707577946       502.51145696778957       77768.233850381919       237.86504029793772
    0.0032421875000000003       1.1401935217119652      -57.775685525182439       502.55534708885642       77904.354978852411       237.98387924820526
    0.0033203124999999999       1.1416905488476066      -56.654887376063066       502.59937264526297       78047.583802564215       238.10879066710368
             0.0033984375       1.1432147345012917      -55.548298911131916       502.64519442492656       78193.488409449725       238.23586783905282
    0.0034765625000000001       1.1447373755510666       -54.44923384756251       502.69509220238479       78339.312042467456       238.36268185795652
    0.0035546875000000001       1.1462209993867993      -53.350037811984777       502.74953104713188       78481.460937068769        238.4861104705202
    0.0036328125000000002       1.1476526688699069      -52.251121982686769       502.80852903593325       78618.698551766109       238.60511626734095
    0.0037109375000000003       1.1490554328186378      -51.161413763052437        502.8748094285595       78753.244582157233       238.72167193954067
    0.0037890624999999999       1.1504387318734872      -50.084817521919966       502.95182910999944       78886.010304270923        238.8365943141857
             0.0038671875       1.1517817371248067      -49.016926414461345       503.04282774321024       79014.989391639538       238.94814898624486
             0.0039453125       1.1530301079434766      -47.945184819938213       503.14908335024813       79134.946663767914       239.05181129839096
    0.0040234375000000001       1.1541077749021957      -46.851398916069471       503.26877617062667       79238.556204702414       239.14128547969986
    0.0041015625000000002       1.1549624666612108      -45.722965102497739       503.39797140227859       79320.785495258941       239.21230053208785
    0.0041796875000000002        1.155616513791623      -44.566646325698109       503.53385754454411       79383.791726659285        239.2668169667063
    0.0042578125000000003       1.1561821760144064      -43.413679060886359       503.68021959102356       79438.397564626372       239.31425992847744
    0.0043359375000000004       1.1568033920295617       -42.30435427587814       503.84783251096837       79498.475905795407       239.36663897815527
    0.0044140625000000005       1.1575469540774548      -41.257918543162425       504.04388115001495       79570.456095978894        239.4294695571588
    0.0044921875000000005       1.1583395319677106      -40.255001675782019        504.2607391838722       79647.246285083093       239.49654871165353
    0.0045703124999999997       1.1590140398242621      -39.252396033404921       504.48095988801924        79712.73684850939       239.55398291901616
    0.0046484374999999998        1.159434397380007      -38.215027896077565       504.69917624367997       79753.929348674064        239.5908791433734
    0.0047265624999999999       1.1595782046580771       -37.14036590019866       504.93936358396843       79769.088018712297       239.60669874086844
    0.0048046874999999999       1.1595109373083241      -36.055496162868245       505.23527257887361       79765.743672388868       239.61055300124357
             0.0048828125       1.1593108481576775      -34.980282011919982       505.56102182057657       79754.893686255411       239.61930994683624
    0.0049609375000000001       1.1588664708017793      -33.923302306848413       505.79892865280021       79735.836235035793       239.65391499248102
    0.0050390625000000001       1.1579063119835016      -32.817903845434685        505.6586721550176       79713.781847665858       239.78629915812596
    0.0051171875000000002       1.1549889973292067      -31.662992644523058        504.1294858361851       79659.363596953917       240.22785190201941
    0.0051953125000000003       1.1443916969997563      -30.201874727557712       494.47017746139596       79629.843909412375       242.36256421138089
    0.0052734375000000003       1.1127533620133128       -28.27429003349469       463.37370113493733       79580.986202806715       249.10060031918169
    0.0053515625000000004        1.066296229943682      -26.044494777434917       412.19674953806685       79572.226385894566       259.92497346765595
    0.0054296875000000005       1.0257157192617037      -25.759195943617605       363.56160047984525       79578.157705944002       270.22855687775115
    0.0055078124999999997      0.99758734195519572      -27.950369641543393       340.91451401945267       79571.803063668252        277.8258435649912
    0.0055859374999999998      0.98383214576180833      -31.407505182662863       335.93474685563444       79643.731351869501       281.96484381808881
    0.0056640624999999998      0.98749262830596674      -35.027093948183051        334.2171117156297        79633.38462480907        280.8831487117958
    0.0057421874999999999       1.0149257377632752      -38.463810232784247        330.9140497808242       79603.485339901104       273.18835913721261
             0.0058203125       1.0636359542247844      -41.268034298111068       324.15343249794557       79541.465192372882       260.47434204409706
             0.0058984375       1.1152574755083668      -43.909354644111488       315.85309503070141       79463.319678563857       248.17380181227551
    0.0059765625000000001       1.1453942076719825       -47.06765454340119       310.24455213332038       79372.824526521217       241.36885215646222
    0.0060546875000000002       1.1518050413037115      -50.994068322703086       308.81915340167097       79266.297651747023       239.70327690564594
    0.0061328125000000002         1.15148202604006      -55.325059828593325       308.98176550155608       79123.651419147121       239.33903198558292
    0.0062109375000000003       1.1496909439670113      -59.802633217311183       309.46484813302214        78918.03687205739       239.08896687844927
    0.0062890625000000004        1.147342539859225      -64.441721027029814       309.98449799482455       78667.699791436928       238.81836903252065
    0.0063671875000000005       1.1445368968378045       -69.17044572153651       310.36301861837688       78363.551967661246       238.47820143813144
    0.0064453125000000005        1.141217848128854      -74.008141231919893       310.58368733457786       78010.206105383986        238.0933373601782
    0.0065234374999999997       1.1371188769058911       -79.00445076902335       310.76001814132985       77605.103996421472       237.71073152812014
    0.0066015624999999998       1.1321386308590795      -84.230845806533978       310.95976447176082       77142.717110990838       237.33385541692394
    0.0066796874999999999       1.1262757236107059      -89.766865258899571       311.20922168605966       76615.048194981733       236.93745996665319
    0.0067578124999999999       1.1193387705816209      -95.705795750553804       311.55085047427758       76015.273914950842       236.53950876552508
             0.0068359375       1.1108258113066438      -102.12493484944177       312.02180136014221       75337.621922826278       236.22742571149271
    0.0069140625000000001       1.1002285957060729      -109.04174219469083        312.5566571836157       74575.577099649759       236.09025806928602
    0.0069921875000000001       1.0874334731334114      -116.38235900564426       312.95489961443269       73722.365621375517       236.13531244747793
    0.0070703125000000002       1.0725422365381863      -123.97185339441212       312.81180583376886       72768.146893529309       236.31499728396102
    0.0071484375000000003       1.0556638026112566      -131.53072762849214       311.61931348640877       71710.587484214833       236.60396732476002
    0.0072265625000000003       1.0368132612862346      -138.70596524117795        308.9940299885792       70562.576375156204       237.04907142362734
    0.0073046875000000004       1.0159287526024066       -145.1073766833504       304.55087521764273       69348.653473484446       237.76019789084461
    0.0073828125000000005      0.99314729041302952      -150.34367978776854        298.0034723288901       68107.059437456424       238.85967671296484
    0.0074609375000000006         0.96901620872603      -154.09450490454219       289.25266706280593       66882.376917135902       240.40584910819945
    0.0075390624999999998      0.94454170997604603      -156.17141682064715        278.4098523238743       65716.830239681527       242.33706261152469
    0.0076171874999999998       0.9210335285722564      -156.55290891783523       265.79547879810769       64642.454423762247       244.45941614004536
    0.0076953124999999999      0.89993387986423179      -155.42604710791463       251.93674530330566       63687.213913426327       246.49381184113091
             0.0077734375      0.88239944762738021      -153.15481232964561       237.49090727524415       62863.580064028196       248.14084410039757
    0.0078515625000000009      0.86902096596715961      -150.23633317251236       223.12241474185853        62170.30856463455        249.1822718008352
     0.007929687500000001      0.85963188026606763       -147.2150939307954       209.36415767807279       61591.397681823197       249.55824262012155
    0.0080078124999999993      0.85351689400389219      -144.56259873116517       196.49843466525249        61108.32437047964       249.37483519038437
    0.0080859374999999994      0.84939884326001192      -142.63378164842271        184.5696715417422       60691.311111418625       248.87382744009841
    0.0081640624999999994      0.84642236919845315      -141.56401888795435       173.44757763301448       60326.517134901464       248.24784822304221
    0.0082421874999999995      0.84375811196044048      -141.40519604953789       162.85537463604669       60000.021813082916       247.68392402598118
    0.0083203124999999996      0.84103914187268991      -142.16357994839268       152.51573743590271       59706.743021761344       247.27006637612371
    0.0083984374999999997      0.83833888618495533      -143.87253691895637       142.18244442221385       59448.682146290885       246.99433518318912
    0.0084765624999999997       0.8359687343100517      -146.60035263196056       131.62983344565149       59230.798940291381       246.78680091045035
    0.0085546874999999998      0.83445999911676294      -150.41510517049278       120.66003304521463       59066.611386387864       246.54767181018056
    0.0086328124999999999      0.83453427663420787      -155.25189355349772       109.12150430247745        58981.84520576091       246.17194013128645
    0.0087109374999999999      0.83654193711619707      -160.96624385136965       96.732309014279167       58949.454007793065        245.4462729260683
             0.0087890625      0.84100986659541288       -167.3759699323108       83.394695036410567       58962.597295843654       244.19675438998527
    0.0088671875000000001      0.84885428315501754      -174.04544395762616        69.41787075107186       59079.962299685169         242.421669398934
    0.0089453125000000001      0.86000204801240521      -180.28256783562696       55.217311565345362       59308.954460293295       240.20672111896465
    0.0090234375000000002      0.87363120634567348      -185.35403692083815        41.28461278853689        59640.98481244703       237.78313015428117
    0.0091015625000000003      0.88834792503215509      -188.76164608793692       28.126929290498627       60057.757041181554       235.47802730240787
    0.0091796875000000003      0.90283537164915362      -190.21347599416094       16.398120762056742       60562.840993346123       233.64798845906247
    0.0092578125000000004      0.91591985281051624      -189.57294446930257         6.49917707735775       61139.291743119058       232.50232668993073
    0.0093359375000000005      0.92715359370253647      -186.98837150169058      -1.4956639695047367       61758.904378880907       232.01297311125407
    0.0094140625000000006      0.93715170868123943      -182.86999841275821      -7.7629381030134263       62400.523421594931       231.92240380817719
    0.0094921875000000006      0.94707370330664853      -177.77310772736152      -12.684482647812189       63050.606754396314       231.88350949909321
    0.0095703125000000007      0.95782686172969522      -172.21717267327429      -16.694327915210462       63694.013231673882       231.61995548111003
    0.0096484375000000008      0.96982589381840456      -166.56736931116828      -20.120054596141436       64332.494514988233       231.04734841071314
    0.0097265625000000008      0.98282112364574192      -160.97930717530667      -23.121346750801653       64975.611392261737       230.27153979001847
    0.0098046875000000009      0.99616528471990606       -155.4740961089208      -25.741108283291119       65640.196126362454       229.51064818453116
     0.009882812500000001       1.0090772126459069      -150.03646073243294      -27.969009597069967        66337.49633970634       228.98079045672617
     0.009960937500000001       1.0209047350050962      -144.65432423624725      -29.777998810626819       67064.038722286132        228.8067636420293
     0.010039062499999999       1.0313551242751127       -139.3250222864506      -31.148833524598107       67805.105067477562       228.99106398520337
     0.010117187499999999       1.0405305070577457       -134.0506167773631      -32.097168932786161       68541.545097991198       229.43699452123678
             0.0101953125       1.0487062645589995      -128.85946117061255       -32.70520845398967       69255.945298521139       230.02104472686256
             0.0102734375       1.0560475210036484       -123.8230887482691      -33.127218873295341       69936.768304818746       230.66753320931036
             0.0103515625       1.0625447799886127      -119.04572183619254      -33.554226322576845       70581.825012392845       231.37158089102343
             0.0104296875       1.0677466824896125      -114.69768215796867      -34.233770815607471       71190.539042559409       232.23005395364348
             0.0105078125        1.069848041387121      -111.00252676196999      -35.518902111761285       71767.630310455424       233.65274257483921
             0.0105859375       1.0647612778556779      -108.09148920916462      -37.709577892750623       72321.434786894926       236.58061543222558
             0.0106640625       1.0492692100550574      -105.91616042606287       -40.83976931820137       72857.855482395797       241.85430787288092
             0.0107421875       1.0246557615012828       -104.3059949931387      -44.682192130260276       73387.433969163132        249.4641189069425
             0.0108203125      0.99654941070013858      -102.99426369775129      -48.816511727926851       73923.409983927078       258.37323796093676
             0.0108984375      0.97237039906036715      -101.64206643506091      -52.687521072738164       74461.887785061845       266.72681884052901
             0.0109765625      0.95793600248238298      -99.901988301149288      -55.688929814617637       74993.700108910954       272.67960636683381
             0.0110546875       0.9541172249654738       -97.52128181859463       -57.35647873862888       75511.773762844925       275.66225723299033
             0.0111328125      0.95611344298859413      -94.548853216342792        -57.7639932917075       76014.841472630273        276.9193746231461
             0.0112109375      0.95984152137251588      -91.216984528706703      -57.360736991603531       76515.080806547834       277.65908026365105
             0.0112890625      0.96404597429178429      -87.776073860428681      -56.581949089880531       77015.181842398422       278.25499695482665
     0.011367187500000001      0.96832877442103504      -84.443531268648613      -55.799498505093425       77505.680138643831        278.7886358521726
     0.011445312500000001      0.97245208626497359       -81.36540144642079       -55.24672836948492       77971.380787955291       279.27456578871841
     0.011523437500000001      0.97629859098321503      -78.554297052222623      -54.911316189537345       78402.803320076418       279.71341867199823
     0.011601562500000001      0.97989000888639832       -75.93344561509943      -54.641472159483364       78803.511696680012       280.11258032821729
     0.011679687500000001      0.98336298167320213      -73.410870149458447      -54.294818964692674       79186.444412355122       280.47965205636029
     0.011757812500000001      0.98685609092954474      -70.931386917213842      -53.816499855845791       79563.501142836292       280.81767041794768
     0.011835937500000001      0.99039432142488004      -68.486755269469811      -53.226561804978886        79938.42888850825       281.13300791107179
     0.011914062500000001      0.99390323070358577      -66.095123782884713      -52.565588279580339       80307.783586050908        281.4348727854541
     0.011992187500000001      0.99728826944372428      -63.777394757346457      -51.863960414157766       80666.019545984716       281.73077440270873
     0.012070312499999999       1.0005010465068533        -61.5474932142073       -51.14305173772749       81009.911464341567       282.02329527466026
             0.0121484375       1.0035511069883363      -59.411648967153262      -50.426680923710919       81339.839915749049       282.31125422651024
             0.0122265625       1.0064798754904536      -57.369138932776551      -49.739425451584424       81658.819595195309       282.59363423304029
             0.0123046875        1.009335858250455      -55.411451621577974      -49.092808972647873        81971.16369596585       282.87187586365633
             0.0123828125       1.0121505859092512      -53.527095149438495      -48.478678070318708       82279.969562465092       283.14791238853644
             0.0124609375       1.0149688476842316      -51.695707796527756      -47.879934898911067       82590.221878397089       283.42639482232778
     0.012578125000000001       1.0175739008149471      -48.678170869829025      -47.908907079295517       82874.282275385383       283.67312518049368
     0.012734375000000001       1.0232368836591967       -45.30887032128237      -46.518098110119269       83502.256299439236       284.24078686274237
     0.012890625000000001       1.0287380984967673      -42.106376350389148      -44.976430606933576        84115.31740657473        284.7964927179508
     0.013046874999999999       1.0340941832080814      -39.062057131203126      -43.299261459045411       84715.074701060832       285.34152328225929
              0.013203125        1.039349884207069         -36.170804833976      -41.575431689410884       85306.455202067518        285.8804758067281
              0.013359375       1.0445266454847542      -33.434593172964959      -39.883988963553776       85891.502793417152       286.41453295139843
              0.013515625       1.0495839267463194      -30.861997001828556      -38.250402629413628       86464.777895051622       286.93691941321225
              0.013671875       1.0544532728714482      -28.460317610649174      -36.663337522629043       87017.655768377328       287.43815241456241
              0.013828125       1.0590955688899781      -26.222199260756184      -35.114910862175819       87545.431578554824       287.91395110526008
              0.013984375       1.0635204978839423       -24.12540444523805      -33.618212311400399       88049.925712656332       288.36828966651927
              0.014140625        1.067753907766243      -22.142566629078814      -32.184656054830477       88535.716158166906       288.80965486325971
     0.014296875000000001       1.0717997657835285      -20.256395465789812      -30.785622226013626       89003.901335022369       289.24093601155329
     0.014453125000000001        1.075662039736536      -18.463928563118031      -29.359816053204408       89452.423082890848       289.65473951097636
     0.014609375000000001       1.0793435880444291      -16.778751487727956      -27.881647180033809       89879.831831767151       290.04601817079305
     0.014765625000000001       1.0828595325147174       -15.22058786300688      -26.392252444898034       90287.004932143624       290.41396414225966
     0.014921875000000001       1.0863324435651123      -13.769419106608684      -24.976463108971664       90688.154349830758       290.77173364470275
               0.01515625       1.0908704907008497      -11.150710756706635      -23.546217208124656       91211.644589192045       291.23359087622924
               0.01546875       1.0974672974198765      -8.8009434246566851      -21.135635476365742       91975.593123037019       291.90758618039979
               0.01578125       1.1036178812846555      -6.6788065299159411      -18.918496143784868       92692.477237715255        292.5432844151656
               0.01609375       1.1092447106240155      -4.7956565011518988      -16.760042545107975       93351.471802506814       293.12858766217533
     0.016406250000000001        1.114378129809211      -3.1460877915502601      -14.682587983463845       93953.805459772397       293.66092838382264
     0.016718750000000001       1.1191272060169699      -1.6944894682622376      -12.744195750074631       94511.396154140792       294.15016588244481
     0.017031250000000001       1.1235309178264019     -0.42409574208039841      -10.949599654082656       95028.882107709229       294.60150748623767
     0.017343750000000002       1.1275772156584003      0.68646182196481509      -9.2773028621236637       95505.122885502147       295.01544172146373
     0.017656250000000002       1.1313465266299025       1.6903139246458887      -7.7225911696149252       95950.003798880949       295.40219693152017
     0.017968750000000002       1.1349313005990871       2.6262057516107555      -6.2860151467650258       96374.879374810102       295.77308163593347
     0.018281249999999999       1.1382815818159535       3.4637082482974164      -4.9478761211122224       96773.811901398964        296.1232532139793
     0.018593749999999999       1.1412698969904851       4.1468586527400833      -3.6791858328513887       97130.800719809355       296.43738893762179
     0.018906249999999999       1.1439324181510802       4.6906355903095331      -2.4651835568727423       97447.965306393613       296.71314050306466
               0.01921875       1.1464814752033037       5.1838471338051537      -1.3115244685956196       97749.693790921621       296.97010755083693
               0.01953125       1.1491036312860547       5.7016506513484408     -0.22797230278847039       98058.372252320973       297.22809306075908
               0.01984375       1.1517692627797147       6.2352349200065333      0.77426082313544042       98372.165764881007       297.48914332012265
     0.020156250000000001       1.1543194854142955       6.7249333801209152       1.6923928160335622       98674.213762689542       297.74331561197749
     0.020468750000000001       1.1565968851491992       7.1169791030975835       2.5401683314139425       98946.520261975587       297.97709351038259
     0.020781250000000001       1.1586192116940768       7.4135988167834181       3.3184365039266717        99190.06218001245        298.1891310790084
     0.021093750000000001        1.160478913536199       7.6565170916472809       4.0356523173414347       99414.280568351765       298.38424825409891
     0.021406250000000002       1.1623007149662585       7.8965401203045138       4.7042512930631313       99633.463694437873       298.57338789085765
     0.021718750000000002       1.1641748951049153        8.167899317316623       5.3291045967406463       99858.542607200332        298.7661331673055
     0.022031249999999999        1.166149894638473       8.4714935947911396       5.9289520602032537       100095.62580400855       298.96826714980034
     0.022343749999999999       1.1681546391678261       8.7825211566440959       6.5106255302112066       100337.04788144148       299.17503703313838
     0.022656249999999999       1.1700892400385372       9.0697232040928988       7.0826735586702769        100570.9267522856       299.37659111416963
               0.02296875       1.1718664645147643       9.3147459059359665       7.6381245214645688       100785.85261147933       299.56137850569377
               0.02328125       1.1734739863119787        9.510078656519342       8.1625580201533978       100979.42861534553       299.72558384564951
               0.02359375       1.1749579538316637       9.6578094539048376       8.6481523854956848        101156.9464463723       299.87327175999133
               0.02390625       1.1764468796390455       9.7986140255872911       9.1154127725874901       101334.58094966593       300.01966804043764
     0.024218750000000001         1.17795847564954       9.9564919043210818       9.5727434283483976       101515.31426813774       300.16908027784325
     0.024531250000000001       1.1794188907824414       10.104004536696504       10.014745283541602       101690.57190892601       300.31497094893416
     0.024843750000000001       1.1807510845115141       10.214833788764397       10.425429708290263       101851.03655083971        300.4494909623059
     0.025156250000000002       1.1819714940889445       10.290091508081861       10.794372001071563       101998.86962332347       300.57491198710181
     0.025468750000000002       1.1831219118587899       10.348911617665079       11.116794716807103       102139.19229868522       300.69575280783209
     0.025781250000000002       1.1842560132284214        10.41358061174042       11.400839074935121        102277.7891603918        300.8154275371873
     0.026093749999999999       1.1854105860749446       10.497998055762006        11.66579180443609       102418.07354253832       300.93463470588262
     0.026406249999999999       1.1866368604942121       10.607962081316069       11.933280559104364       102565.60840549608       301.05670101187764
     0.026718749999999999       1.1879480274031149       10.737293128269823       12.211602895245946       102722.47591575807       301.18435614595262
               0.02703125       1.1893384827254165       10.879355380121503       12.498095805229839       102889.10849711987       301.32024046842304
               0.02734375       1.1907919833140921       11.036238263376225       12.783731954989134       103064.20404298321       301.46460148651647
               0.02765625       1.1923382934137219       11.218888472396367         13.0717339392792       103251.24743182336       301.62003616002124
     0.027968750000000001       1.1939772572058722       11.436292007508644       13.363172504277875       103449.96403703325        301.7857034578991
     0.028281250000000001       1.1956796395393978       11.681809421274654       13.651902960737729       103656.85166349387       301.95870384064773
     0.028593750000000001       1.1973827370344357       11.936166620404764       13.913313260692258       103864.43301294153       302.13304982425547
     0.028906250000000001        1.199052389918525       12.175128323199221       14.130039941480867       104068.38302545155        302.3047841062039
     0.029218750000000002       1.2006703766794913        12.38578942056769       14.306849104904188       104266.07729024366       302.47090902155617
     0.029531250000000002        1.202243055823957       12.578171040866199       14.470117612556477       104457.93754063082       302.63108988491535
     0.029843750000000002        1.203787306893852       12.766483494040891       14.656330683318785       104645.95186567208        302.7868748325896
     0.030156249999999999        1.205387761370545       12.957810861738785       14.902346492084288       104840.55230572112       302.94716659765317
     0.030468749999999999       1.2071193467037105       13.158793268758433       15.215340696250019       105050.93133928157       303.11963478947791
               0.03078125       1.2089916721957128        13.40141962450843       15.567458183851441       105278.30268514858       303.30525695395761
               0.03109375       1.2109270113389474       13.702385034857485       15.904688557968569       105513.34433173943       303.49657489458781
     0.031406250000000004       1.2129859563149277       14.051350131779882       16.210008874949342       105763.70663571935       303.70032914050006
     0.031718750000000004       1.2151629073109571        14.41653295177794       16.486437209400911       106028.96537368566       303.91657885721946
     0.032031249999999997       1.2173798962138178        14.80262200021715       16.754934175561008       106299.69637486129       304.13770954752511
     0.032343749999999998       1.2195332014759435       15.212151718203662       17.018816023876671       106563.00415459435       304.35272844143446
     0.032656249999999998       1.2218006901656686       15.635447972147764       17.322071035524001       106840.50429974738       304.57898538533959
     0.032968749999999998       1.2239604220439189         16.0025755304803       17.622341734967105        107105.0207019021       304.79429038952873
     0.033281249999999998       1.2255900919831941       16.249091512510056       17.896986792750646       107304.72732627069       304.95656449408619
     0.033593749999999999        1.226603778805081       16.367643951225109       18.115981553780507       107429.05655899949       305.05759070620815
     0.033906249999999999       1.2275711883612574        16.36096669244273       18.365931351265068       107547.76420638377       305.15400343063379
     0.034218749999999999       1.2283874901917751       16.316804121194536       18.627863659945049       107647.97037509542       305.23535322705686
     0.034531249999999999       1.2288136222917612       16.217311483032223       18.859638110828698        107700.2806621473       305.27777684510687
               0.03484375       1.2288160229535559       16.028744106938536       19.056439569455396       107700.53560291536       305.27790307415904
               0.03515625       1.2284376348535166       15.671018415664706       19.178217273971747        107654.0171970798       305.24003859794891
               0.03546875       1.2278255453451139       15.228826196058691       19.335900540662887       107578.76665290659       305.17873510290332
     0.035781250000000001       1.2261172282708908       14.600902263980888       19.467532270219447       107369.19367405256       305.00858908931048
     0.036093750000000001       1.2207623484418972       12.854037753001892       19.559048361485562       106713.75085181769       304.47639681099588
     0.036406250000000001        1.209017744215757       9.3313264049894009       19.349320984702061        105279.4195325335       303.30193384004826
     0.036718750000000001       1.1942863751590072       5.0594420970095495       18.718846622399948       103487.42319856558       301.81684017306168
     0.037031250000000002       1.1828461534750572       1.8025953388289793       17.953604327707634       102102.25240932158       300.65707872637932
     0.037343750000000002         1.17791187032696      0.41342421046264838       17.518208209097246       101505.91924745102       300.15317569121601
     0.037656250000000002        1.176870411111822      0.12210369368442486       17.415523927719981       101380.19992435306       300.04671188813654
     0.037968750000000002       1.1765847870708692     0.044822360192487289       17.385237784879223       101345.74525837501        300.0175528686911
     0.038281250000000003       1.1764797318063498     0.017427649404159151        17.37188043607263       101333.07530423536       300.00683263787863
     0.038593750000000003       1.1764382225916326    0.0065569884686019998       17.366145942897287       101328.06945595829       300.00259717617558
     0.038906250000000003        1.176422044180309    0.0023582477999055432       17.363870272609272       101326.11841520976       300.00094634002676
     0.039218750000000004       1.1764160590733466    0.0008229189062314761       17.363012542500734       101325.39664268674        300.0003356215451
     0.039531250000000004       1.1764139658935393   0.00029720053320969505       17.362693205590922       101325.14421412445        300.0001220265795
     0.039843750000000004       1.1764131541961194   9.2568256209595029e-05       17.362573083260724       101325.04632900973       300.00003920441407
     0.040312500000000001       1.1764128705197114   2.4653323811294221e-05       17.362524827989954       101325.01211759384       300.00001025333825
     0.040937500000000002       1.1764127843710424   3.5907142505904552e-06       17.362510518476963        101325.0017284943       300.00000146259725
     0.041562500000000002       1.1764127720237034     5.08078803107328e-07       17.362508490840135       101325.00023945456       300.00000020261956
     0.042187500000000003        1.176412770302339   6.8816892425530048e-08       17.362508217846266       101325.00003186447        300.0000000269626
     0.042812500000000003       1.1764127700723737   9.0652729963935122e-09       17.362508182891958       101325.00000413145       300.00000000349559
     0.043437500000000004        1.176412770042488   1.1739106716286454e-09       17.362508178564152       101325.00000052735       300.00000000044582
     0.044062499999999998       1.1764127700386737   1.5217489921384373e-10       17.362508178040017       101325.00000006738       300.00000000005667
     0.044687499999999998       1.1764127700381859   1.9557970298580738e-11       17.362508177976625       101325.00000000848       300.00000000000671
     0.045312499999999999       1.1764127700381224   2.0906769523812668e-12       17.362508177969012        101325.0000000008       300.00000000000017
     0.045937499999999999       1.1764127700381146  -1.0230257426394576e-13       17.362508177968007       101324.99999999985       299.99999999999932
                0.0465625        1.176412770038114  -4.2584799672915651e-13       17.362508177967886       101324.99999999978       299.99999999999932
                0.0471875        1.176412770038114  -4.1747533218938641e-13       17.362508177967879       101324.99999999981       299.99999999999937
     0.047812500000000001       1.1764127700381135  -4.4333827362586622e-13       17.362508177967843       101324.99999999981       299.99999999999949
     0.048437500000000001       1.1764127700381135  -4.6083346097402812e-13       17.362508177967893       101324.99999999981       299.99999999999949
     0.049062500000000002        1.176412770038114   -5.128160822421171e-13       17.362508177967882       101324.99999999981       299.99999999999937
     0.049687500000000002        1.176412770038114  -5.0026152138463346e-13       17.362508177967886       101324.99999999981       299.99999999999937
     0.050312500000000003        1.176412770038114  -5.0192232189461088e-13       17.362508177967872       101324.99999999981       299.99999999999937
     0.050937500000000004        1.176412770038114  -5.5823185981183053e-13       17.362508177967882       101324.99999999981       299.99999999999937
     0.051562500000000004       1.1764127700381137  -5.3630104330118832e-13       17.362508177967864       101324.99999999981       299.99999999999943
     0.052187499999999998       1.1764127700381137  -4.8328348959747571e-13       17.362508177967882       101324.99999999981       299.99999999999943
     0.052812499999999998       1.1764127700381137  -4.8460947439320313e-13       17.362508177967882       101324.99999999981       299.99999999999943
     0.053437499999999999        1.176412770038114   -4.842983727008696e-13       17.362508177967932       101324.99999999978       299.99999999999932
     0.054062499999999999       1.1764127700381137  -4.7946267119807362e-13       17.362508177967861       101324.99999999981       299.99999999999943
                0.0546875       1.1764127700381137   -4.791489385871486e-13       17.362508177967793       101324.99999999978       299.99999999999937
     0.055312500000000001       1.1764127700381137  -4.7266633164518973e-13       17.362508177967747        101324.9999999998       299.99999999999937
     0.055937500000000001       1.1764127700381135  -4.1946780075164578e-13       17.362508177967758       101324.99999999978       299.99999999999943
     0.056562500000000002       1.1764127700381135  -4.1407917868861965e-13       17.362508177967783       101324.99999999978       299.99999999999943
     0.057187500000000002       1.1764127700381135   -3.592620459230336e-13        17.36250817796785       101324.99999999981       299.99999999999949
     0.057812500000000003       1.1764127700381137  -3.6431636636336475e-13       17.362508177967815        101324.9999999998       299.99999999999937
     0.058437500000000003       1.1764127700381137  -3.5804099894321131e-13       17.362508177967811       101324.99999999981       299.99999999999943
     0.059062500000000004       1.1764127700381137  -3.7188509006721686e-13       17.362508177967779       101324.99999999981       299.99999999999943
     0.059687500000000004       1.1764127700381137  -3.8181013223682187e-13       17.362508177967836       101324.99999999981       299.99999999999943
