# 1-d slice in x-direction, file: /shared/solver_ab/run_old/plot/plt00200
# time = 4.8696041760679498e-05
#                       x                  Density               x_velocity               y_velocity                 pressure              temperature
   3.9062500000000001e-05       1.6365546410500196      0.59251929197736519       241.62437645952699        129596.8744015299       275.82167392942461
             0.0001171875       1.6366101941740068       1.7754199134253077       241.62365221741771       129602.55732228185        275.8244060118983
   0.00019531250000000001       1.6367340579824692       2.9421935809976505       241.62505191219589       129615.56526167886       275.83121416035118
   0.00027343750000000003       1.6368993869600177       4.0877308120163276       241.63036076279292       129633.10143603105       275.84066931408654
   0.00035156249999999999       1.6370843586390642       5.2108073043137733       241.64020585947017        129652.7572836122       275.85132259731034
             0.0004296875       1.6372684243430293       6.3158055012921546       241.65170915930005       129672.21975392674       275.86171473401106
   0.00050781250000000002       1.6374293550926378       7.4112978455065397       241.65947193949219        129689.0327369853       275.87036637867436
   0.00058593749999999998       1.6375556177422135       8.5082457338658344       241.65776994582495       129701.88422182832       275.87643073548048
   0.00066406250000000005       1.6376457170980887        9.616141556498329       241.64253702918145       129710.46738000728        275.8795080808182
   0.00074218750000000001       1.6376978829257736       10.738634214793011       241.61081805177795       129714.42294642533       275.87913322576827
   0.00082031249999999997       1.6377142835914396       11.880616652971536       241.56272320846438       129713.92532102461        275.8753121232383
   0.00089843750000000004       1.6377100135518929       13.041080583885053       241.50131394962122       129710.73178881698       275.86923940387686
             0.0009765625       1.6377064084418784        14.21614919773091       241.42966592327599       129707.40115084652       275.86276305125142
    0.0010546875000000001       1.6377292520067435       15.401801526068818       241.35021310498132       129706.99819913224       275.85805824125197
    0.0011328124999999999       1.6378042882146324       16.594398029183317       241.26398867026063       129712.52076117323       275.85716449812003
             0.0012109375       1.6379463544575188       17.791574800035807       241.17119601929602       129725.67874853546       275.86121861690475
    0.0012890625000000001       1.6381507618987239        18.99166544832369       241.07113386525288       129745.95680301078       275.86991265812907
    0.0013671875000000001       1.6383916469337987       20.192684283589244       240.96201979105996       129770.44369454362       275.88140993954016
             0.0014453125        1.638629512623329       21.392490273747121       240.84104691405963       129794.66144746714       275.89284011833615
    0.0015234375000000001       1.6388244848457623       22.589705952517786       240.70494816391729       129814.03699537282       275.90119689281272
    0.0016015625000000001       1.6389488449051168       23.784605325753891        240.5509955596624        129825.3282071046       275.90425811594406
             0.0016796875       1.6389941172222984       24.979771776970242       240.37799551294034       129827.46590027993       275.90117997620968
             0.0017578125       1.6389712543649975       26.180274437856106       240.18657394562774       129821.60965009613       275.89258315555526
    0.0018359375000000001         1.63890448660827       27.392889016183716       239.97842295105852       129810.45637520612       275.88011927950106
             0.0019140625        1.638821546627496       28.624339193155198       239.75496420106194       129797.11693376351       275.86573031280818
             0.0019921875       1.6387445789185406       29.879354494799866       239.51632993021298       129784.07185609992       275.85096023043013
    0.0020703125000000001       1.6386859577620287       31.159592333443467       239.26140893753254       129772.69669726845       275.83665000216621
    0.0021484375000000002       1.6386493592908229       32.463863160603537       238.98882812260609       129763.39429800789       275.82303765132735
    0.0022265625000000002       1.6386324570918915       33.789124535972498       238.69792371913201        129755.9149059497         275.809984473778
    0.0023046874999999999       1.6386281199030759       35.131330469709489       238.38888541941805       129749.49997263907       275.79707884060696
    0.0023828124999999999       1.6386254318243583       36.485814263565295       238.06226427114137       129742.98775825178       275.78368880820074
             0.0024609375        1.638614562712889       37.847832394441077       237.71866597249709       129735.33517310652         275.769251551389
    0.0025390625000000001       1.6385937916296878       39.213792925270525       237.35815469839494       129726.37544660481       275.75370194747518
    0.0026171875000000002       1.6385747590126556       40.583092624654611       236.97905054876273       129717.38110219727       275.73778581490461
    0.0026953125000000002       1.6385749050267682         41.9577745772607        236.5766952141349       129710.22497273148       275.72254959596762
    0.0027734374999999999       1.6386085510863801        43.33961931103439       236.14706005638209       129706.41093583411        275.7087808400355
    0.0028515624999999999       1.6386809603540724       44.729297395541174       235.68969853937384       129706.44346406707        275.6966670895747
             0.0029296875       1.6387846609111938       46.126383035632159       235.20515819109588       129709.43461228206       275.68557870942209
    0.0030078125000000001       1.6389054005947348       47.528454365277419       234.69328628438612       129713.77498031742       275.67449307366832
    0.0030859375000000001       1.6390286809419654       48.930933303949537       234.15314126532292       129717.86454983259       275.66244879439466
    0.0031640625000000002       1.6391441901423605       50.327545069835253       233.58336565738119       129720.60450219637       275.64884532033005
    0.0032421875000000003       1.6392463494283018       51.711776063407427       232.98229275108559        129721.4522221873       275.63346788398781
    0.0033203124999999999       1.6393330752322632       53.079164756639287       232.34797771600887        129720.2717795213       275.61637793472556
             0.0033984375       1.6394050092372014        54.42958631376041       231.67832038604823       129717.23044347162       275.59782277050437
    0.0034765625000000001        1.639466317245944       55.768319473615108       230.97127962863806       129712.86972748378       275.57825231131807
    0.0035546875000000001       1.6395262299291307       57.105133893898561       230.22514541919011       129708.26873484255        275.5584073759731
    0.0036328125000000002       1.6395991206102056       58.451608549819724       229.43883293446595       129705.06166969187       275.53934410140766
    0.0037109375000000003       1.6397013517670631       59.817816159885723       228.61211210218201       129705.11156543205       275.52227092240889
    0.0037890624999999999       1.6398454040713839       61.209809375242017        227.7457019603674       129709.88750567974       275.50821191376627
             0.0038671875        1.640034147817911       62.628838449680629       226.84127381534225       129719.85021746877       275.49766368450156
             0.0039453125       1.6402584115836389       64.072234474915447       225.90143952585129       129734.18740681456       275.49044137133887
    0.0040234375000000001       1.6404987296852771       65.535036411294797       224.92965555597556       129750.99694889548       275.48577435423294
    0.0041015625000000002       1.6407293184084424       67.011281538737109       223.92982505399399       129767.71118259541       275.48253995349171
    0.0041796875000000002        1.640921552364808       68.494491518116561       222.90548552578394       129781.47191379596       275.47947626707099
    0.0042578125000000003       1.6410458758317965        69.97770174447686       221.85879658176381       129789.34400940005       275.47531467314599
    0.0043359375000000004       1.6410732505986607       71.453728065976719       220.78976925217651       129788.48770096689       275.46890199800919
    0.0044140625000000005       1.6409779195166072       72.916039965184382       219.69607170310704       129776.46698096726       275.45939031006452
    0.0044921875000000005       1.6407418192573984       74.359973032987696        218.5734226953075        129751.7139789598        275.4464810054119
    0.0045703124999999997       1.6403588486255216       75.783667513951855       217.41634834159956        129713.9543896229       275.43061128454656
    0.0046484374999999998       1.6398363069115824       77.188248080142174       216.21907358392349       129664.32526394504       275.41296403609334
    0.0047265624999999999       1.6391923031972826       78.577183511370336       214.97642739241556       129605.06804352446         275.395253419673
    0.0048046874999999999       1.6384510471490783        79.95514387445651       213.68469129252236        129538.9562989655       275.37930263041903
             0.0048828125       1.6376388407555169       81.326820192357602       212.34229740615692       129468.79079746135       275.36664553925834
    0.0049609375000000001       1.6367809624366461       82.696088795554189       210.95027068083607       129397.19595236107       275.35861756949765
    0.0050390625000000001       1.6359007196195809       84.065656329005932       209.51232073779022       129326.64491885684       275.35656795198327
    0.0051171875000000002         1.63502012135217       85.437010893335327       208.03445446217896        129259.3939820941       275.36160619337102
    0.0051953125000000003       1.6341566293580518       86.810326056308682       206.52393178487159       129197.05028348143       275.37422676524938
    0.0052734375000000003       1.6333153619654925       88.184135398519757       204.98750032190517        129139.7917269844       275.39395767679633
    0.0053515625000000004       1.6324801253932877       89.555075065327046        203.4292086433735       129085.54732284106       275.41912251885111
    0.0054296875000000005       1.6316062878478155        90.91833033810083       201.84848380423887       129029.53704597015       275.44705994504505
    0.0055078124999999997       1.6306191493726856       92.269109774415313       200.23922105591461       128964.49525681305        275.4748764675798
    0.0055859374999999998       1.6294178927085536       93.604534015063848       198.59026998767354       128881.76872297194       275.50112650663539
    0.0056640624999999998       1.6278890461049009       94.924525910851727       196.88721000139401          128773.27075517       275.52771987727579
    0.0057421874999999999       1.6259203680741745       96.230589261286099       195.11503497064967        128633.9054250897       275.56277924710372
             0.0058203125       1.6234069961486128       97.522909894072527       193.26130199970194       128463.64575656137       275.62410856673802
             0.0058984375       1.6202443679284062       98.797877663136532       191.31903083760622        128268.1908159079       275.74193643656145
    0.0059765625000000001       1.6162996299757308       100.04850209433381         189.288337310982       128057.44881127418       275.96076768160168
    0.0060546875000000002       1.6113712040198143       101.26862330413532       187.17583981259295       127842.04646122166       276.33919507120521
    0.0061328125000000002       1.6051644526521347       102.45918246362666       184.99156409226077       127629.30582964234       276.94609516894081
    0.0062109375000000003       1.5973049674806712       103.63257945997528       182.74431819862684       127420.86085565203       277.85426342414843
    0.0062890625000000004       1.5873867255705074       104.81143329892753       180.43680939607904       127213.19939388895        279.1346840968896
    0.0063671875000000005       1.5750419215489502       106.02169627220381       178.06319404601913       127001.31857503543       280.85391678705849
    0.0064453125000000005        1.560012692011598       107.28410357704824       175.60990117149811       126782.88019681156       283.07196157365712
    0.0065234374999999997       1.5422173552838996       108.60869875911055        173.0599129577414       126559.75919142141        285.8343548879152
    0.0066015624999999998       1.5217947405851924       109.99402972221885       170.39884561027131       126335.60720581232       289.15723661792316
    0.0066796874999999999        1.499117767690465       111.42915465987589       167.62075073300696       126112.12376335071       293.01203613977776
    0.0067578124999999999       1.4747910743944348       112.89407481718811       164.73059593965442       125887.65821717393       297.31514112144015
             0.0068359375       1.4496340613811816       114.35691192758347       161.74333708699942         125658.849817154       301.92499501261631
    0.0069140625000000001       1.4246483602411195       115.77368359695946       158.68006830340639       125423.74116618704       306.64539051475185
    0.0069921875000000001       1.4009592966422073       117.09607275125924       155.56181023758845       125183.49915266313       311.23321704395727
    0.0070703125000000002       1.3797220085168513       118.28330777522937        152.4052717228256       124940.05604015497       315.40928717307531
    0.0071484375000000003       1.3620325191653935       119.31554754018198       149.22108268194808       124694.11228478308       318.87674155789972
    0.0072265625000000003       1.3487911098655505       120.19411482644801       146.01524313312507       124443.21257982151       321.35931415579859
    0.0073046875000000004        1.340324736793574       120.93361610252816       142.79180611100509       124183.78842497741       322.71506831625891
    0.0073828125000000005       1.3359117448757201       121.55269197969746       139.55403453998443       123914.78750549917       323.07975204356876
    0.0074609375000000006       1.3342218831313604       122.06395588707959       136.30620704628691       123638.09387625067       322.76661973312929
    0.0075390624999999998       1.3340742403790471        122.4667900282342       133.05985605129251       123357.06099535378       322.06860165682394
    0.0076171874999999998       1.3349243952511032       122.74150538684273       129.84543183837189       123074.86649640645       321.12718782131896
    0.0076953124999999999       1.3362968624721228       122.84953084038698       126.71551706217589       122793.03471757783       320.06276770828856
             0.0077734375       1.3376150441591803       122.76305116802085       123.72108521062857       122513.73995551025       319.02008435001983
    0.0078515625000000009       1.3382765908724126       122.50066684812124       120.84626998948627       122234.66788505015       318.13605252191644
     0.007929687500000001       1.3378930784649148       122.14826680415985       117.99249998374118       121960.22582012656       317.51276162600516
    0.0080078124999999993       1.3366013385202822       121.84754321993231        115.0165306571724       121700.55323247565       317.14292928532711
    0.0080859374999999994        1.334750119994859       121.63932643090416       111.80290209101761       121435.96109039897       316.89232305886225
    0.0081640624999999994       1.3328216340498209       121.40024428075121       108.50965664079044       121180.97692344764       316.68448598491261
    0.0082421874999999995       1.3308794104384769       120.91595334577246       105.41599910114465       120936.32739662737       316.50636045611077
    0.0083203124999999996       1.3288733836813198        119.9783021887992       102.83057718461994       120693.97951074853       316.34893489330051
    0.0083984374999999997       1.3269922614874292        118.6307680431546       100.77258161043777       120458.13462304414        316.1783405640594
    0.0084765624999999997       1.3253817897749403       117.15635671045536        99.03204359531442       120219.93174578719       315.93653464081893
    0.0085546874999999998       1.3242028946588718       115.88130511754396       97.253365764489601       119984.24050237611       315.59785756585637
    0.0086328124999999999       1.3232481738381567       115.00605018280791       95.184488213109489       119754.27163858262       315.22023089186717
    0.0087109374999999999       1.3221166392517816       114.44104602220293       92.852767837680702       119533.52549243027       314.90846147992977
             0.0087890625       1.3204408320857297       113.99261474305916       90.424817170929344       119315.45895978514       314.73289970492948
    0.0088671875000000001       1.3182737969041252       113.46150478856087       88.030004865197711       119105.03646545637       314.69430174997336
    0.0089453125000000001       1.3159034908474228       112.77261103818904       85.728784380465356       118901.00306762592        314.7210937237881
    0.0090234375000000002       1.3136650416037332       111.94977955726569        83.49781306513205       118702.32039204556       314.73057716858386
    0.0091015625000000003       1.3118021173618115       111.04413097877941       81.298329572538336        118507.4742242892       314.66018011010692
    0.0091796875000000003       1.3102608117494468       110.08313613137912       79.128268174774945       118315.69552729013       314.52051748701371
    0.0092578125000000004       1.3088564840431767       109.06855835322885       77.012980372290883       118127.53811745622       314.35726137031941
    0.0093359375000000005       1.3075298204160586       107.99927086444264       74.976030198943803       117944.39430523226       314.18834777684765
    0.0094140625000000006       1.3062709490398552       106.88438236503758       73.023403879523556       117767.76703377992       314.02017018209949
    0.0094921875000000006       1.3050754948440737       105.73905401146092       71.148631286565546       117598.67908222465       313.85653874105424
    0.0095703125000000007       1.3039368499522277       104.57487283348563       69.344390409899503       117437.26855333752       313.69944843785396
    0.0096484375000000008       1.3028495975086511        103.3975821003318       67.607628115633744        117283.3734203193       313.54980744509407
    0.0097265625000000008       1.3018080658563582       102.20922064325151       65.937530752964292       117136.46733869248       313.40760931464172
    0.0098046875000000009       1.3008157048443589       101.01348649590547        64.33245786388693       116996.89412184649       313.27297669892363
     0.009882812500000001       1.2998721232287409       99.811909926292543       62.789652249130718       116864.31585671888       313.14513099733711
     0.009960937500000001       1.2989982711148991       98.610017051529354       61.304246161257574       116740.99212125376       313.02511173466661
              0.010078125       1.2989699647320425       96.158205889322971       59.665181477069019       116716.08466167054       312.96514556751151
              0.010234375       1.2973789447570894       93.799169649905181       57.031860213966411       116491.30362945011       312.74547329316664
     0.010390625000000001        1.295860180498019       91.430475557829666       54.602819655810585       116277.94097182862       312.53852647757748
     0.010546875000000001       1.2944468655846932       89.070964608066717       52.374132049114884       116080.47782274729       312.34843289164951
     0.010703125000000001       1.2931927499452105       86.749736331510775       50.333800380115477       115905.21510285973       312.17929003414503
     0.010859375000000001       1.2920938153594614       84.488097897459099       48.463841352276908       115750.97798988002        312.0290248412735
     0.011015624999999999       1.2910927540201622       82.296349559640163       46.748483881881505       115610.14070598727       311.89101122823035
              0.011171875        1.290162935963284       80.184147658849227       45.179233352105378       115479.23652212451       311.76238497875244
              0.011328125       1.2893615615261544       78.163769910201708       43.753283821107097       115365.50135389813       311.64890934072878
              0.011484375       1.2887796650215781       76.239753371751746       42.467667140846011       115280.44778618113       311.55975399297495
              0.011640625       1.2884491808999807       74.401857457606894       41.313912980897271       115228.07413933026       311.49808571835507
              0.011796875       1.2883148945668663       72.633582771372843       40.277485761072896        115201.2848132846       311.45812683208237
              0.011953125       1.2882874039424199       70.925336374195169       39.342301963194075       115188.60512835463       311.43049148275202
              0.012109375       1.2883031518644803       69.277384638689483       38.496078204681616        115181.9070102961       311.40857543473703
              0.012265625       1.2883360358777327       67.693013419903849       37.732256314940685       115178.05528379041       311.39021356086965
     0.012421875000000001       1.2883791308365553       66.171753507101457       37.045909621457554        115176.5343999902       311.37568622245834
     0.012578125000000001       1.2884314736368871       64.708693164760732       36.424993600732201       115177.27285694437       311.36503283068788
     0.012734375000000001       1.2884963214217953       63.301949936562806       35.848982674383002       115180.01623471877       311.35677831887051
     0.012890625000000001       1.2885706458665336       61.957363420993943        35.31048220971293       115183.70546396049       311.34879155322278
     0.013046874999999999       1.2886407198204575       60.678067883106451       34.840071718252993       115187.26914728398        311.3414933045799
              0.013203125       1.2886853405964054       59.440170528294608       34.484175925269511        115190.3251016658       311.33897279572858
              0.013359375       1.2887295709937976       58.201181427091193       34.221830345423967       115196.02372419504       311.34368918773737
              0.013515625       1.2888305718215076       56.954534519056878         33.9408295846264        115208.6580679005       311.35343488539371
              0.013671875       1.2890448977826987       55.765626534178281       33.543515421375346       115233.61581203439       311.36910453352533
              0.013828125       1.2894265708932218       54.705348005981854       33.061539305255977       115274.85536724738        311.3883377036334
              0.013984375       1.2899365220830028       53.801608216228573       32.649655227210971        115329.9181352063       311.41391693140025
              0.014140625       1.2905434228543922       53.006679543308259       32.416958066528991       115399.57042184375       311.45545575508766
     0.014296875000000001       1.2912753301981721       52.252164555875595       32.314638964468074       115488.02213033654       311.51750952033706
     0.014453125000000001       1.2921725141895859       51.520555425668498       32.242810375326954       115598.58895989403       311.59925201785052
     0.014609375000000001       1.2932241786207304       50.829682842006299       32.169007667872883       115728.59504825059       311.69600610000663
     0.014765625000000001       1.2943663557894087        50.19515165930396       32.096225401366148       115869.41917185749       311.79991073913834
     0.014921875000000001       1.2955253887906266       49.618741975314755       32.012576274057807       116012.05758057721       311.90445184601799
              0.015078125       1.2966995986959355       49.102199347164472       31.904677893430289       116157.50558289606       312.01270113351825
              0.015234375       1.2979570292412179       48.651556155126023        31.81953207726924       116314.70154804768       312.13226825434975
              0.015390625       1.2994036256707839        48.28026983364159       31.854532970212738       116496.05057342637       312.27088960132818
              0.015546875       1.3010282955797752       47.967845033553203       32.024463166666813       116699.12565284844       312.42460734420359
     0.015703125000000002       1.3027093050370453       47.648556086131585       32.186757521882413       116906.04202862654       312.57469386109761
     0.015859375000000002       1.3043557527401191       47.278754137947807       32.239622139722364       117106.71443937276       312.71600627427387
     0.016015624999999999       1.3058951889296475       46.881383543546498       32.228869550704118       117297.11867052256       312.85521211808896
     0.016171874999999999        1.307300896455416       46.492445125459582       32.244747439141861       117473.56364323164       312.98891533509078
     0.016328124999999999       1.3085575617402776        46.11985422605381       32.318003529808479       117631.80124618925       313.10953142532395
     0.016484374999999999       1.3096482636655258        45.74997986893883       32.413889518531981       117769.09913854215       313.21391929360465
     0.016640624999999999       1.3106415942966758       45.386086834752554        32.49608346342081       117893.93162731892       313.30828337408605
     0.016796874999999999       1.3116038969402271       45.040701501616951       32.551828393157088       118014.57636566991       313.39879757521948
     0.016953124999999999       1.3125066458336168       44.697818113106209       32.586199967483168       118127.46591620405       313.48282286677625
              0.017109375       1.3132676860198993       44.314139059810735       32.602918150981367       118222.15702493246       313.55230175745277
              0.017265625       1.3139334863058232       43.888722148229789       32.594151014660568       118304.71102848761       313.61225882410002
              0.017421875       1.3142942667266946       43.391076798035016       32.537563561870471       118349.37624282257       313.64454054646961
     0.017539062500000001       1.3141454402862913       43.027649001091135       32.338638926572266       118331.20839080829       313.63190753383446
     0.017617187499999999       1.3142836469582273        42.80121682110719       32.311343566600705        118350.5411929617        313.6501622062782
     0.017695312500000001       1.3143058347526011       42.535808499637241       32.312803206241057       118356.93898560067       313.66182225162845
     0.017773437499999999       1.3140299384885725       42.203544893247141       32.373342781411964       118327.19177717554       313.64882863444848
     0.017851562500000001       1.3136298076201653       41.826769017869921       32.508316849534928       118282.27836208385       313.62527803295296
     0.017929687499999999       1.3132213038492615       41.457183191436528       32.650003757289142       118235.15571181243       313.59785295183514
     0.018007812500000001       1.3128049832096942       41.109464782144116       32.701339016149397       118183.69664408962       313.56077267531219
             0.0180859375       1.3123530696732368       40.778844575897658        32.61687202454366       118122.03752177751       313.50510034432114
     0.018164062500000001       1.3118702462161029       40.445119206749716       32.448096161138501       118050.58391052345       313.43077016030105
             0.0182421875       1.3113547365621769       40.084146278140167       32.295579690938801       117973.28578746742       313.34867221398582
     0.018320312500000002       1.3108013752724839       39.694216421849703       32.238116605769385       117895.19790096846       313.27345722703495
             0.0183984375        1.310198280662614       39.293360417452462       32.234537037980544       117816.71765612769       313.20902421724492
     0.018476562500000002       1.3095554252798352       38.891756618119587       32.229468695465755       117735.61521607274       313.14706519015022
             0.0185546875       1.3088789874560562       38.495446878432745       32.198832002448682        117650.7645199551        313.0831036840035
     0.018632812500000002       1.3081864953974576       38.106221318353711       32.143031068649783        117563.9469468974       313.01768057169403
             0.0187109375       1.3075269995898007       37.725592744419323       32.086557898676382       117481.19921036523       312.95513214965115
     0.018789062500000002       1.3069293818677801       37.361305388870456       32.043510734888294       117406.15017396348       312.89822408630215
             0.0188671875       1.3063839728717959       37.016987023852089       32.014347144790477       117337.64714993323        312.8462144817999
     0.018945312500000002       1.3058325780829592       36.676272339905324       31.990400363929052        117268.4428035092       312.79372458686726
             0.0190234375       1.3051659548021275       36.305801790652239       31.956409620194854         117184.799185408        312.7302671749905
     0.019101562499999999       1.3042666624877794       35.880303219372912       31.898074034128026       117071.91959435094        312.6444461086067
     0.019179687500000001       1.3030871964746866       35.394333180087365       31.813772697470736       116923.84097173647       312.53162381477262
     0.019257812499999999       1.3016689619913935       34.852668766369575       31.711854428672606       116745.81500629794        312.3957698637264
     0.019335937500000001       1.3001041384754592       34.278312622614017       31.599132039669868       116549.45205947531       312.24570107033537
     0.019414062499999999       1.2984909170999428       33.716921303393271       31.480639651855356       116347.09438577436       312.09082280207394
     0.019492187500000001       1.2970174977798969       33.225463068410853       31.372914589327294       116162.34633584402       311.94922644146033
     0.019570312499999999       1.2958855357194883       32.817818659526907       31.298694259835912       116020.46697917768       311.84037152579083
     0.019648437500000001       1.2952110924460738       32.473281158283413       31.268568671370538       115935.93199872978       311.77542143003768
     0.019726562499999999       1.2949413439293194       32.182765491379953       31.275031820188858       115902.13012620163       311.74944811546675
     0.019804687500000001       1.2945528445570436       31.873878614097929       31.261352413520882       115853.11363661433        311.7111227178732
     0.019882812499999999       1.2941370268784678       31.627689395404115       31.177043822727907       115800.31076133206       311.66916268340668
     0.019960937500000001        1.292599041198504       31.132093503143949       31.039078890939695       115608.95106006037       311.52435377538666
     0.020078124999999999       1.2902551285715609       30.348419615875049         30.8692806556002       115322.38946842654       311.31669468736601
     0.020234374999999999       1.2862426251909442       29.076662183489933       30.458022061720783       114828.44671759692       310.95028910133055
     0.020390624999999999       1.2697841196648796       24.564662506576887       28.664586950479041       112782.50763643435       309.36859694096745
     0.020546874999999999       1.2262621352844252       13.229360681158697       23.554546180573706       107406.10115470036        305.0773787018336
     0.020703124999999999       1.1880897679140694       3.1090827760488251        18.88536654133247       102742.42267372915       301.20690181345378
     0.020859374999999999       1.1777019039240266      0.33755916738052133       17.543361007955262       101480.93537556953       300.13279793119398
              0.021015625       1.1767085568909861     0.076676811192152028       17.405537241943144       101360.69750484472       300.03025513270774
              0.021171875        1.176484884679486      0.01851601178372831       17.373411355676918       101333.69902226303       300.00736521357436
              0.021328125       1.1764375691342459     0.006292649619665489       17.366413206548035       101327.99094570082       300.00253136802934
              0.021484375       1.1764249587889875    0.0030736986769039714       17.364471610079615       101326.46993020913       300.00124382785339
              0.021640625       1.1764202263656611    0.0018783450828019593       17.363714746960405       101325.89918423672       300.00076081573809
              0.021796875       1.1764176387901006     0.001229187809736354        17.36329088378703       101325.58713678693       300.00049678203595
              0.021953125       1.1764158547964587   0.00078037432108511067       17.363000296617301       101325.37200287751       300.00031476202162
     0.022109375000000001       1.1764146282416548   0.00047046717298475734       17.362803593683218        101325.2240894475        300.0001896117779
     0.022265625000000001       1.1764138821676808   0.00028150010144876325       17.362685070031951       101325.13411653783       300.00011348111002
     0.022421875000000001       1.1764134563067026   0.00017359592970602397       17.362617537847118       101325.08275964079        300.0000700251133
     0.022578125000000001       1.1764132002181218   0.00010876092607759613       17.362576825540266       101325.05187695616       300.00004389441568
     0.022734375000000001       1.1764130362338241   6.7278579422150642e-05       17.362550684317487       101325.03210160827       300.00002716222389
     0.022890625000000001       1.1764129319304777   4.0911174010949538e-05       17.362534023204319       101325.01952329748       300.00001651940556
     0.023046875000000001       1.1764128681641453   2.4800972650834925e-05       17.362523823078028       101325.01183343903       300.00001001272022
     0.023203125000000002       1.1764128297608372    1.510053646830694e-05       17.362517682890577       101325.00720221587       300.00000609405998
     0.023359375000000002       1.1764128063365424   9.1818732551281165e-06       17.362513946024364       101325.00437738476       300.00000370387426
     0.023515625000000002       1.1764127919424316   5.5432289709835242e-06       17.362511654307731       101325.00264154025       300.00000223511694
     0.023671875000000002       1.1764127831812585   3.3277162340323865e-06       17.362510260622095       101325.00158499218       300.00000134113031
     0.023828125000000002       1.1764127779100029   1.9941155631441433e-06       17.362509422957078       101325.00094930753       300.00000080325071
     0.023984375000000002       1.1764127747472324   1.1933884841939901e-06       17.362508921498872        101325.0005678946        300.0000004805209
     0.024140624999999999       1.1764127728473399   7.1205674345098652e-07       17.362508621037708       101325.00033877786       300.00000028665534
     0.024296874999999999       1.1764127717074795   4.2314492967244458e-07       17.362508441101351       101325.00020131683       300.00000017034358
     0.024453124999999999       1.1764127710271588    2.506981732992888e-07        17.36250833371324       101325.00011927374       300.00000010092316
     0.024609374999999999       1.1764127706211041   1.4769126316047198e-07       17.362508269750798       101325.00007030569       300.00000005948908
     0.024765624999999999       1.1764127703825338   8.7187160562658718e-08        17.36250823198937       101325.00004153527       300.00000003514492
              0.024921875       1.1764127702377412   5.0265071960818039e-08       17.362508209457911       101325.00002407431       300.00000002037103
     0.025156250000000002       1.1764127701180773   2.0198686388872135e-08       17.362508190668844       101325.00000964318       300.00000000815947
     0.025468750000000002       1.1764127700654516   6.8919118969452632e-09        17.36250818231742       101325.00000329674       300.00000000278936
     0.025781250000000002       1.1764127700474538   2.3497261678823941e-09        17.36250817946172       101325.00000112622       300.00000000095258
     0.026093749999999999       1.1764127700413263   8.0516123303450726e-10       17.362508178486738        101325.0000003873       300.00000000032747
     0.026406249999999999       1.1764127700392366   2.8010311965641894e-10       17.362508178151629       101325.00000013529        300.0000000001142
     0.026718749999999999       1.1764127700385161     9.98084399553116e-11       17.362508178034787       101325.00000004834       300.00000000004053
               0.02703125       1.1764127700382623   3.6712949727811966e-11        17.36250817799279       101325.00000001772       300.00000000001461
               0.02734375       1.1764127700381672   1.3126684108788537e-11       17.362508177977094       101325.00000000624       300.00000000000483
               0.02765625       1.1764127700381319   4.3673289536617593e-12       17.362508177970977       101325.00000000195       300.00000000000114
     0.027968750000000001       1.1764127700381188   1.0684188965520119e-12       17.362508177968692       101325.00000000035       299.99999999999972
     0.028281250000000001       1.1764127700381144   3.6596311938793688e-14       17.362508177967932       101324.99999999985       299.99999999999937
     0.028593750000000001       1.1764127700381135  -3.1048442602080922e-13        17.36250817796779       101324.99999999971        299.9999999999992
     0.028906250000000001       1.1764127700381133  -3.1844000974568214e-13       17.362508177967833       101324.99999999971       299.99999999999926
     0.029218750000000002       1.1764127700381135  -4.0528507160798269e-13       17.362508177967836       101324.99999999971        299.9999999999992
     0.029531250000000002       1.1764127700381137  -4.1205322942797707e-13       17.362508177967804       101324.99999999974        299.9999999999992
     0.029843750000000002       1.1764127700381137  -4.4062367813968356e-13       17.362508177967783       101324.99999999974        299.9999999999992
     0.030312499999999999       1.1764127700381135  -4.0884153512651795e-13       17.362508177967818       101324.99999999974       299.99999999999926
                0.0309375       1.1764127700381137  -2.7493073839789783e-13       17.362508177967797       101324.99999999975       299.99999999999926
                0.0315625       1.1764127700381137  -2.2443903009249258e-13       17.362508177967811       101324.99999999978       299.99999999999937
     0.032187500000000001       1.1764127700381137   -2.081231735987009e-13       17.362508177967808       101324.99999999978       299.99999999999937
     0.032812500000000001       1.1764127700381135  -1.7031118856091138e-13       17.362508177967797        101324.9999999998       299.99999999999943
     0.033437500000000002       1.1764127700381135  -1.5235050120580026e-13       17.362508177967793       101324.99999999978       299.99999999999943
     0.034062500000000002       1.1764127700381135  -1.7305388517018151e-13       17.362508177967783       101324.99999999978       299.99999999999943
     0.034687500000000003       1.1764127700381135  -1.6877309666270561e-13       17.362508177967783       101324.99999999978       299.99999999999943
     0.035312500000000004       1.1764127700381137  -1.4773801601916507e-13       17.362508177967758       101324.99999999978       299.99999999999937
     0.035937500000000004       1.1764127700381137  -1.2790141884194549e-13       17.362508177967836       101324.99999999981       299.99999999999943
     0.036562499999999998       1.1764127700381137  -8.2266284221824404e-14       17.362508177967857       101324.99999999981       299.99999999999943
     0.037187499999999998       1.1764127700381137  -1.6499229708560781e-13       17.362508177967857       101324.99999999981       299.99999999999943
     0.037812499999999999       1.1764127700381135  -1.2175308104417793e-13       17.362508177967818       101324.99999999981       299.99999999999949
     0.038437499999999999       1.1764127700381135  -1.0522770380595091e-13       17.362508177967786        101324.9999999998       299.99999999999943
                0.0390625       1.1764127700381137  -4.8698771798741922e-14       17.362508177967797        101324.9999999998       299.99999999999937
     0.039687500000000001       1.1764127700381137  -4.0840467132387505e-14       17.362508177967797       101324.99999999981       299.99999999999943
     0.040312500000000001       1.1764127700381135   -2.945004998661245e-14       17.362508177967765       101324.99999999983       299.99999999999955
     0.040937500000000002       1.1764127700381137  -7.4402274684852458e-14       17.362508177967769       101324.99999999981       299.99999999999943
     0.041562500000000002       1.1764127700381137  -5.9211116042562411e-14       17.362508177967779       101324.99999999984       299.99999999999955
     0.042187500000000003       1.1764127700381135  -6.5250850995570077e-14       17.362508177967786       101324.99999999981       299.99999999999949
     0.042812500000000003       1.1764127700381135  -1.1872160705228443e-13       17.362508177967818       101324.99999999981       299.99999999999949
     0.043437500000000004       1.1764127700381137  -1.6175105765786986e-13       17.362508177967815       101324.99999999981       299.99999999999943
     0.044062499999999998       1.1764127700381137  -1.1668953411558723e-13       17.362508177967825       101324.99999999981       299.99999999999943
     0.044687499999999998       1.1764127700381137  -1.1665963519200481e-13       17.362508177967801        101324.9999999998       299.99999999999937
     0.045312499999999999       1.1764127700381137  -1.1875905869530283e-13       17.362508177967857        101324.9999999998       299.99999999999937
     0.045937499999999999       1.1764127700381137  -1.1472188547090437e-13       17.362508177967882       101324.99999999981       299.99999999999943
                0.0465625       1.1764127700381137  -1.4625646572925728e-13       17.362508177967836       101324.99999999981       299.99999999999943
                0.0471875       1.1764127700381137   -1.796055939814572e-13       17.362508177967829       101324.99999999981       299.99999999999943
     0.047812500000000001       1.1764127700381135  -1.2058991013876177e-13        17.36250817796785       101324.99999999981       299.99999999999949
     0.048437500000000001       1.1764127700381135  -4.9171127891405558e-14        17.36250817796785       101324.99999999981       299.99999999999949
     0.049062500000000002       1.1764127700381137  -8.2766541217151213e-14       17.362508177967833        101324.9999999998       299.99999999999937
     0.049687500000000002       1.1764127700381137  -1.4994135784859955e-13       17.362508177967808       101324.99999999981       299.99999999999943
     0.050312500000000003       1.1764127700381137  -1.8426936905824589e-13       17.362508177967754       101324.99999999984       299.99999999999955
     0.050937500000000004       1.1764127700381137  -2.1765283107356719e-13       17.362508177967761       101324.99999999981       299.99999999999943
     0.051562500000000004       1.1764127700381137  -2.1147701592619019e-13        17.36250817796779       101324.99999999985       299.99999999999955
     0.052187499999999998       1.1764127700381137  -1.7031634633527776e-13       17.362508177967783       101324.99999999985       299.99999999999955
     0.052812499999999998       1.1764127700381137  -3.0240295086845012e-13       17.362508177967722       101324.99999999985       299.99999999999955
     0.053437499999999999        1.176412770038114  -3.9825868702239338e-13       17.362508177967786       101324.99999999988        299.9999999999996
     0.054062499999999999       1.1764127700381137  -4.0924743003808355e-13        17.36250817796779       101324.99999999988       299.99999999999966
                0.0546875       1.1764127700381137  -4.1184985074319388e-13       17.362508177967797       101324.99999999987        299.9999999999996
     0.055312500000000001       1.1764127700381137  -4.1159290285629663e-13       17.362508177967786       101324.99999999988       299.99999999999966
     0.055937500000000001       1.1764127700381135  -3.2113234438755542e-13       17.362508177967804       101324.99999999988       299.99999999999972
     0.056562500000000002       1.1764127700381137  -2.8045391020562849e-13       17.362508177967861       101324.99999999988       299.99999999999966
     0.057187500000000002       1.1764127700381135  -2.7168376303101992e-13       17.362508177967896       101324.99999999988       299.99999999999972
     0.057812500000000003       1.1764127700381137  -2.4184037397346454e-13       17.362508177967889       101324.99999999988       299.99999999999966
     0.058437500000000003       1.1764127700381137  -2.5192125869603923e-13       17.362508177967893       101324.99999999988       299.99999999999966
     0.059062500000000004       1.1764127700381137  -2.6645686170633607e-13       17.362508177967886       101324.99999999988       299.99999999999966
     0.059687500000000004       1.1764127700381137  -2.5993981941417362e-13       17.362508177967907       101324.99999999988       299.99999999999966
